Confirmed,Recovered,Deaths,Date_last_updated_AEDT,date_day,New,DayElapsed,New_death,DayElapsed_death,New_recover
731,344,40,2020-04-25 22:00:00,2020-04-25,8,34,3,30,11
723,333,37,2020-04-24 22:00:00,2020-04-24,0,33,0,29,24
723,309,37,2020-04-23 22:00:00,2020-04-23,6,32,0,28,27
717,282,37,2020-04-22 22:00:00,2020-04-22,0,31,0,27,34
717,248,37,2020-04-21 22:00:00,2020-04-21,4,30,1,26,13
713,235,36,2020-04-20 22:00:00,2020-04-20,9,29,1,25,30
704,205,35,2020-04-19 22:00:00,2020-04-19,8,28,0,24,14
696,191,35,2020-04-18 22:00:00,2020-04-18,14,27,2,23,22
682,169,33,2020-04-17 22:00:00,2020-04-17,9,26,0,22,0
673,169,33,2020-04-16 22:00:00,2020-04-16,14,25,2,21,41
659,128,31,2020-04-15 22:00:00,2020-04-15,13,24,2,20,0
646,128,29,2020-04-14 22:00:00,2020-04-14,8,23,0,19,0
638,128,29,2020-04-13 22:00:00,2020-04-13,37,22,3,18,57
601,71,26,2020-04-12 22:00:00,2020-04-12,0,21,0,17,0
601,71,26,2020-04-11 22:00:00,2020-04-11,18,20,1,16,13
583,58,25,2020-04-10 22:00:00,2020-04-10,19,19,2,15,6
564,52,23,2020-04-09 22:00:00,2020-04-09,19,18,1,14,13
545,39,22,2020-04-08 22:00:00,2020-04-08,20,17,1,13,8
525,31,21,2020-04-07 22:00:00,2020-04-07,24,16,3,12,5
501,26,18,2020-04-06 22:00:00,2020-04-06,0,15,0,11,0
501,26,18,2020-04-05 22:00:00,2020-04-05,62,14,2,10,10
439,16,16,2020-04-04 21:00:00,2020-04-04,11,13,1,9,6
428,10,15,2020-04-03 21:00:00,2020-04-03,38,12,1,8,0
390,10,14,2020-04-02 21:00:00,2020-04-02,14,11,2,7,0
376,10,12,2020-04-01 21:00:00,2020-04-01,6,10,4,6,0
370,10,8,2020-03-31 21:00:00,2020-03-31,36,9,2,5,4
334,6,6,2020-03-30 21:00:00,2020-03-30,26,8,3,4,5
308,1,3,2020-03-29 21:00:00,2020-03-29,41,7,0,3,0
267,1,3,2020-03-28 21:00:00,2020-03-28,43,6,0,2,0
224,1,3,2020-03-27 21:10:00,2020-03-27,36,5,2,1,0
188,1,1,2020-03-26 22:20:00,2020-03-26,0,4,0,0,0
188,1,1,2020-03-25 23:20:00,2020-03-25,55,3,0,0,0
133,1,1,2020-03-24 21:20:00,2020-03-24,20,2,0,0,0
113,1,1,2020-03-23 21:40:00,2020-03-23,25,1,1,0,0
88,1,0,2020-03-22 21:00:00,2020-03-22,13,0,0,0,0
75,1,0,2020-03-21 21:00:00,2020-03-21,0,0,0,0,0
75,1,0,2020-03-20 21:20:00,2020-03-20,22,0,0,0,0
53,1,0,2020-03-19 21:30:00,2020-03-19,14,0,0,0,0
39,1,0,2020-03-18 22:00:00,2020-03-18,25,0,0,0,1
14,0,0,2020-03-17 21:00:00,2020-03-17,9,0,0,0,0
5,0,0,2020-03-16 21:00:00,2020-03-16,4,0,0,0,0
1,0,0,2020-03-15 21:00:00,2020-03-15,0,0,0,0,0
1,0,0,2020-03-14 21:00:00,2020-03-14,0,0,0,0,0
1,0,0,2020-03-13 21:00:00,2020-03-13,0,0,0,0,0
1,0,0,2020-03-12 21:00:00,2020-03-12,0,0,0,0,0
1,0,0,2020-03-11 21:00:00,2020-03-11,0,0,0,0,0
1,0,0,2020-03-10 21:00:00,2020-03-10,0,0,0,0,0
1,0,0,2020-03-09 21:00:00,2020-03-09,0,0,0,0,0
1,0,0,2020-03-08 21:00:00,2020-03-08,0,0,0,0,0
1,0,0,2020-03-07 21:00:00,2020-03-07,0,0,0,0,0
1,0,0,2020-03-06 21:00:00,2020-03-06,0,0,0,0,0
1,0,0,2020-03-05 21:00:00,2020-03-05,0,0,0,0,0
1,0,0,2020-03-04 21:00:00,2020-03-04,0,0,0,0,0
1,0,0,2020-03-03 21:00:00,2020-03-03,0,0,0,0,0
1,0,0,2020-03-02 21:00:00,2020-03-02,1,0,0,0,0
0,0,0,2020-03-01 21:00:00,2020-03-01,0,0,0,0,0
0,0,0,2020-02-29 21:00:00,2020-02-29,0,0,0,0,0
0,0,0,2020-02-28 21:00:00,2020-02-28,0,0,0,0,0
0,0,0,2020-02-27 21:00:00,2020-02-27,0,0,0,0,0
0,0,0,2020-02-26 21:00:00,2020-02-26,0,0,0,0,0
0,0,0,2020-02-25 21:00:00,2020-02-25,0,0,0,0,0
0,0,0,2020-02-24 21:00:00,2020-02-24,0,0,0,0,0
0,0,0,2020-02-23 21:00:00,2020-02-23,0,0,0,0,0
0,0,0,2020-02-22 21:00:00,2020-02-22,0,0,0,0,0
0,0,0,2020-02-21 21:00:00,2020-02-21,0,0,0,0,0
0,0,0,2020-02-20 21:00:00,2020-02-20,0,0,0,0,0
0,0,0,2020-02-19 21:00:00,2020-02-19,0,0,0,0,0
0,0,0,2020-02-18 21:00:00,2020-02-18,0,0,0,0,0
0,0,0,2020-02-17 21:00:00,2020-02-17,0,0,0,0,0
0,0,0,2020-02-16 21:00:00,2020-02-16,0,0,0,0,0
0,0,0,2020-02-15 21:00:00,2020-02-15,0,0,0,0,0
0,0,0,2020-02-14 21:00:00,2020-02-14,0,0,0,0,0
0,0,0,2020-02-13 21:00:00,2020-02-13,0,0,0,0,0
0,0,0,2020-02-12 21:00:00,2020-02-12,0,0,0,0,0
0,0,0,2020-02-11 20:30:00,2020-02-11,0,0,0,0,0
0,0,0,2020-02-10 21:00:00,2020-02-10,0,0,0,0,0
0,0,0,2020-02-09 21:00:00,2020-02-09,0,0,0,0,0
0,0,0,2020-02-08 21:00:00,2020-02-08,0,0,0,0,0
0,0,0,2020-02-07 21:00:00,2020-02-07,0,0,0,0,0
0,0,0,2020-02-06 21:00:00,2020-02-06,0,0,0,0,0
0,0,0,2020-02-05 21:00:00,2020-02-05,0,0,0,0,0
0,0,0,2020-02-04 20:00:00,2020-02-04,0,0,0,0,0
0,0,0,2020-02-03 20:00:00,2020-02-03,0,0,0,0,0
0,0,0,2020-02-02 20:00:00,2020-02-02,0,0,0,0,0
0,0,0,2020-02-01 10:00:00,2020-02-01,0,0,0,0,0
0,0,0,2020-01-31 12:30:00,2020-01-31,0,0,0,0,0
0,0,0,2020-01-30 12:00:00,2020-01-30,0,0,0,0,0
0,0,0,2020-01-29 14:00:00,2020-01-29,0,0,0,0,0
0,0,0,2020-01-28 11:30:00,2020-01-28,0,0,0,0,0
0,0,0,2020-01-27 14:00:00,2020-01-27,0,0,0,0,0
0,0,0,2020-01-26 13:00:00,2020-01-26,0,0,0,0,0
0,0,0,2020-01-25 15:00:00,2020-01-25,0,0,0,0,0
0,0,0,2020-01-24 15:00:00,2020-01-24,0,0,0,0,0
0,0,0,2020-01-23 15:00:00,2020-01-23,0,0,0,0,0
0,0,0,2020-01-22 15:00:00,2020-01-22,0,0,0,0,0
0,0,0,2020-01-21 15:00:00,2020-01-21,0,0,0,0,0
