Confirmed,Recovered,Deaths,Date_last_updated_AEDT,date_day,New,DayElapsed,New_death,DayElapsed_death,New_recover
6534,6,275,2020-04-27 22:00:00,2020-04-27,248,37,2,35,0
6286,6,273,2020-04-26 22:00:00,2020-04-26,241,36,7,34,0
6045,6,266,2020-04-25 22:00:00,2020-04-25,273,35,17,33,0
5772,6,249,2020-04-24 22:00:00,2020-04-24,299,34,18,32,0
5473,6,231,2020-04-23 22:00:00,2020-04-23,217,33,23,31,0
5256,6,208,2020-04-22 22:00:00,2020-04-22,188,32,17,30,0
5068,6,191,2020-04-21 22:00:00,2020-04-21,135,31,7,29,0
4933,6,184,2020-04-20 22:00:00,2020-04-20,209,30,4,28,0
4724,6,180,2020-04-19 22:00:00,2020-04-19,213,29,11,27,0
4511,6,169,2020-04-18 22:00:00,2020-04-18,270,28,19,26,0
4241,6,150,2020-04-17 22:00:00,2020-04-17,273,27,7,25,0
3968,6,143,2020-04-16 22:00:00,2020-04-16,159,26,12,24,0
3809,6,131,2020-04-15 22:00:00,2020-04-15,104,25,9,23,3
3705,3,122,2020-04-14 22:00:00,2020-04-14,163,24,7,22,0
3542,3,115,2020-04-13 22:00:00,2020-04-13,149,23,7,21,0
3393,3,108,2020-04-12 22:00:00,2020-04-12,281,22,11,20,0
3112,3,97,2020-04-11 22:00:00,2020-04-11,94,21,8,19,0
3018,3,89,2020-04-10 22:00:00,2020-04-10,292,20,9,18,0
2726,3,80,2020-04-09 22:00:00,2020-04-09,151,19,7,17,0
2575,3,73,2020-04-08 22:00:00,2020-04-08,119,18,8,16,0
2456,3,65,2020-04-07 22:00:00,2020-04-07,187,17,1,15,0
2269,3,64,2020-04-06 22:00:00,2020-04-06,250,16,12,14,0
2019,3,52,2020-04-05 22:00:00,2020-04-05,250,15,11,13,0
1769,3,41,2020-04-04 21:00:00,2020-04-04,171,14,9,12,0
1598,3,32,2020-04-03 21:00:00,2020-04-03,185,13,3,11,0
1413,3,29,2020-04-02 21:00:00,2020-04-02,124,12,5,10,2
1289,1,24,2020-04-01 21:00:00,2020-04-01,131,11,4,9,0
1158,1,20,2020-03-31 21:00:00,2020-03-31,239,10,3,8,0
919,1,17,2020-03-30 21:00:00,2020-03-30,146,9,2,7,0
773,1,15,2020-03-29 21:00:00,2020-03-29,108,8,2,6,0
665,1,13,2020-03-28 21:00:00,2020-03-28,157,7,5,5,0
508,1,8,2020-03-27 21:10:00,2020-03-27,107,6,2,4,0
401,1,6,2020-03-26 22:20:00,2020-03-26,75,5,0,3,0
326,1,6,2020-03-25 23:20:00,2020-03-25,91,4,3,2,0
235,1,3,2020-03-24 21:20:00,2020-03-24,83,3,1,1,0
152,1,2,2020-03-23 21:40:00,2020-03-23,48,2,1,0,0
104,1,1,2020-03-22 21:00:00,2020-03-22,25,1,0,0,0
79,1,1,2020-03-21 21:00:00,2020-03-21,26,0,1,0,0
53,1,0,2020-03-20 21:20:00,2020-03-20,24,0,0,0,0
29,1,0,2020-03-19 21:30:00,2020-03-19,8,0,0,0,0
21,1,0,2020-03-18 22:00:00,2020-03-18,3,0,0,0,0
18,1,0,2020-03-17 21:00:00,2020-03-17,5,0,0,0,0
13,1,0,2020-03-16 21:00:00,2020-03-16,1,0,0,0,0
12,1,0,2020-03-15 21:00:00,2020-03-15,2,0,0,0,0
10,1,0,2020-03-14 21:00:00,2020-03-14,1,0,0,0,0
9,1,0,2020-03-13 21:00:00,2020-03-13,0,0,0,0,0
9,1,0,2020-03-12 21:00:00,2020-03-12,3,0,0,0,0
6,1,0,2020-03-11 21:00:00,2020-03-11,0,0,0,0,0
6,1,0,2020-03-10 21:00:00,2020-03-10,1,0,0,0,0
5,1,0,2020-03-09 21:00:00,2020-03-09,0,0,0,0,0
5,1,0,2020-03-08 21:00:00,2020-03-08,2,0,0,0,0
3,1,0,2020-03-07 21:00:00,2020-03-07,1,0,0,0,0
2,1,0,2020-03-06 21:00:00,2020-03-06,0,0,0,0,0
2,1,0,2020-03-05 21:00:00,2020-03-05,0,0,0,0,0
2,1,0,2020-03-04 21:00:00,2020-03-04,1,0,0,0,0
1,1,0,2020-03-03 21:00:00,2020-03-03,0,0,0,0,0
1,1,0,2020-03-02 21:00:00,2020-03-02,0,0,0,0,0
1,1,0,2020-03-01 21:00:00,2020-03-01,0,0,0,0,0
1,1,0,2020-02-29 21:00:00,2020-02-29,0,0,0,0,0
1,1,0,2020-02-28 21:00:00,2020-02-28,0,0,0,0,1
1,0,0,2020-02-27 21:00:00,2020-02-27,0,0,0,0,0
1,0,0,2020-02-26 21:00:00,2020-02-26,0,0,0,0,0
1,0,0,2020-02-25 21:00:00,2020-02-25,0,0,0,0,0
1,0,0,2020-02-24 21:00:00,2020-02-24,0,0,0,0,0
1,0,0,2020-02-23 21:00:00,2020-02-23,0,0,0,0,0
1,0,0,2020-02-22 21:00:00,2020-02-22,0,0,0,0,0
1,0,0,2020-02-21 21:00:00,2020-02-21,0,0,0,0,0
1,0,0,2020-02-20 21:00:00,2020-02-20,0,0,0,0,0
1,0,0,2020-02-19 21:00:00,2020-02-19,0,0,0,0,0
1,0,0,2020-02-18 21:00:00,2020-02-18,0,0,0,0,0
1,0,0,2020-02-17 21:00:00,2020-02-17,0,0,0,0,0
1,0,0,2020-02-16 21:00:00,2020-02-16,0,0,0,0,0
1,0,0,2020-02-15 21:00:00,2020-02-15,0,0,0,0,0
1,0,0,2020-02-14 21:00:00,2020-02-14,0,0,0,0,0
1,0,0,2020-02-13 21:00:00,2020-02-13,0,0,0,0,0
1,0,0,2020-02-12 21:00:00,2020-02-12,0,0,0,0,0
1,0,0,2020-02-11 20:30:00,2020-02-11,0,0,0,0,0
1,0,0,2020-02-10 21:00:00,2020-02-10,0,0,0,0,0
1,0,0,2020-02-09 21:00:00,2020-02-09,0,0,0,0,0
1,0,0,2020-02-08 21:00:00,2020-02-08,0,0,0,0,0
1,0,0,2020-02-07 21:00:00,2020-02-07,0,0,0,0,0
1,0,0,2020-02-06 21:00:00,2020-02-06,0,0,0,0,0
1,0,0,2020-02-05 21:00:00,2020-02-05,0,0,0,0,0
1,0,0,2020-02-04 20:00:00,2020-02-04,0,0,0,0,0
1,0,0,2020-02-03 20:00:00,2020-02-03,0,0,0,0,0
1,0,0,2020-02-02 20:00:00,2020-02-02,0,0,0,0,0
1,0,0,2020-02-01 10:00:00,2020-02-01,0,0,0,0,0
1,0,0,2020-01-31 12:30:00,2020-01-31,0,0,0,0,0
1,0,0,2020-01-30 12:00:00,2020-01-30,0,0,0,0,0
1,0,0,2020-01-29 14:00:00,2020-01-29,0,0,0,0,0
1,0,0,2020-01-28 11:30:00,2020-01-28,0,0,0,0,0
1,0,0,2020-01-27 14:00:00,2020-01-27,1,0,0,0,0
0,0,0,2020-01-26 13:00:00,2020-01-26,0,0,0,0,0
0,0,0,2020-01-25 15:00:00,2020-01-25,0,0,0,0,0
0,0,0,2020-01-24 15:00:00,2020-01-24,0,0,0,0,0
0,0,0,2020-01-23 15:00:00,2020-01-23,0,0,0,0,0
0,0,0,2020-01-22 15:00:00,2020-01-22,0,0,0,0,0
0,0,0,2020-01-21 15:00:00,2020-01-21,0,0,0,0,0
