Confirmed,Recovered,Deaths,Date_last_updated_AEDT,date_day,New,DayElapsed,New_death,DayElapsed_death,New_recover
6676,5132,78,2020-04-25 09:00:00,2020-04-25,0,47,0,49,0
6676,5132,78,2020-04-24 22:00:00,2020-04-24,17,46,3,48,99
6659,5033,75,2020-04-23 22:00:00,2020-04-23,8,45,1,47,101
6651,4932,74,2020-04-22 22:00:00,2020-04-22,6,44,0,46,251
6645,4681,74,2020-04-21 22:00:00,2020-04-21,26,43,1,45,423
6619,4258,73,2020-04-20 22:00:00,2020-04-20,13,42,2,44,28
6606,4230,71,2020-04-19 22:00:00,2020-04-19,41,41,3,43,67
6565,4163,68,2020-04-18 22:00:00,2020-04-18,42,40,3,42,349
6523,3814,65,2020-04-17 22:00:00,2020-04-17,55,39,2,41,84
6468,3730,63,2020-04-16 22:00:00,2020-04-16,20,38,0,40,43
6448,3687,63,2020-04-15 22:00:00,2020-04-15,48,37,1,39,89
6400,3598,62,2020-04-14 22:00:00,2020-04-14,41,36,1,38,112
6359,3486,61,2020-04-13 22:00:00,2020-04-13,46,35,2,37,217
6313,3269,59,2020-04-12 22:00:00,2020-04-12,21,34,3,36,57
6292,3212,56,2020-04-11 22:00:00,2020-04-11,78,33,2,35,77
6214,3135,54,2020-04-10 22:00:00,2020-04-10,106,32,3,34,152
6108,2983,51,2020-04-09 22:00:00,2020-04-09,85,31,1,33,170
6023,2813,50,2020-04-08 22:00:00,2020-04-08,105,30,2,32,166
5918,2647,48,2020-04-07 22:00:00,2020-04-07,119,29,7,31,215
5799,2432,41,2020-04-06 21:00:00,2020-04-06,107,28,5,30,1706
5692,726,36,2020-04-05 22:00:00,2020-04-05,143,27,6,29,67
5549,659,30,2020-04-04 21:00:00,2020-04-04,192,26,2,28,65
5357,594,28,2020-04-03 21:00:00,2020-04-03,222,25,4,27,46
5135,548,24,2020-04-02 21:00:00,2020-04-02,272,24,3,26,117
4863,431,21,2020-04-01 21:00:00,2020-04-01,303,23,2,25,68
4560,363,19,2020-03-31 21:00:00,2020-03-31,311,22,0,24,50
4249,313,19,2020-03-30 21:00:00,2020-03-30,265,21,3,23,73
3984,240,16,2020-03-29 21:00:00,2020-03-29,345,20,2,22,0
3639,240,14,2020-03-28 21:00:00,2020-03-28,461,19,2,21,45
3178,195,12,2020-03-27 21:10:00,2020-03-27,373,18,0,20,0
2805,195,12,2020-03-26 22:20:00,2020-03-26,374,17,4,19,58
2431,137,8,2020-03-25 23:20:00,2020-03-25,285,16,0,18,0
2146,137,8,2020-03-24 21:20:00,2020-03-24,430,15,1,17,43
1716,94,7,2020-03-23 21:40:00,2020-03-23,365,14,0,16,0
1351,94,7,2020-03-22 21:00:00,2020-03-22,282,13,0,15,42
1069,52,7,2020-03-21 21:00:00,2020-03-21,194,12,0,14,0
875,52,7,2020-03-20 21:20:00,2020-03-20,168,11,1,13,2
707,50,6,2020-03-19 21:30:00,2020-03-19,141,10,0,12,3
566,47,6,2020-03-18 22:00:00,2020-03-18,113,9,1,11,20
453,27,5,2020-03-17 21:00:00,2020-03-17,78,8,0,10,0
375,27,5,2020-03-16 21:00:00,2020-03-16,78,7,0,9,0
297,27,5,2020-03-15 21:00:00,2020-03-15,49,6,2,8,2
248,25,3,2020-03-14 21:00:00,2020-03-14,51,5,0,7,1
197,24,3,2020-03-13 21:00:00,2020-03-13,41,4,0,6,0
156,24,3,2020-03-12 21:00:00,2020-03-12,29,3,0,5,0
127,24,3,2020-03-11 21:00:00,2020-03-11,21,2,0,4,1
106,23,3,2020-03-10 21:00:00,2020-03-10,14,1,0,3,1
92,22,3,2020-03-09 21:00:00,2020-03-09,12,0,0,2,0
80,22,3,2020-03-08 21:00:00,2020-03-08,8,0,1,1,1
72,21,2,2020-03-07 21:00:00,2020-03-07,10,0,0,0,0
62,21,2,2020-03-06 21:00:00,2020-03-06,6,0,0,0,0
56,21,2,2020-03-05 21:00:00,2020-03-05,12,0,1,0,0
44,21,1,2020-03-04 21:00:00,2020-03-04,6,0,0,0,0
38,21,1,2020-03-03 21:00:00,2020-03-03,5,0,0,0,6
33,15,1,2020-03-02 21:00:00,2020-03-02,6,0,0,0,0
27,15,1,2020-03-01 21:00:00,2020-03-01,2,0,1,0,0
25,15,0,2020-02-29 21:00:00,2020-02-29,1,0,0,0,0
24,15,0,2020-02-28 21:00:00,2020-02-28,1,0,0,0,0
23,15,0,2020-02-27 21:00:00,2020-02-27,0,0,0,0,0
23,15,0,2020-02-26 21:00:00,2020-02-26,1,0,0,0,0
22,15,0,2020-02-25 21:00:00,2020-02-25,0,0,0,0,5
22,10,0,2020-02-24 21:00:00,2020-02-24,0,0,0,0,0
22,10,0,2020-02-23 21:00:00,2020-02-23,1,0,0,0,0
21,10,0,2020-02-22 21:00:00,2020-02-22,4,0,0,0,0
17,10,0,2020-02-21 21:00:00,2020-02-21,2,0,0,0,0
15,10,0,2020-02-20 21:00:00,2020-02-20,0,0,0,0,2
15,8,0,2020-02-19 21:00:00,2020-02-19,0,0,0,0,0
15,8,0,2020-02-18 21:00:00,2020-02-18,0,0,0,0,0
15,8,0,2020-02-17 21:00:00,2020-02-17,0,0,0,0,0
15,8,0,2020-02-16 21:00:00,2020-02-16,0,0,0,0,0
15,8,0,2020-02-15 21:00:00,2020-02-15,0,0,0,0,0
15,8,0,2020-02-14 21:00:00,2020-02-14,0,0,0,0,3
15,5,0,2020-02-13 21:00:00,2020-02-13,0,0,0,0,0
15,5,0,2020-02-12 21:00:00,2020-02-12,0,0,0,0,0
15,5,0,2020-02-11 20:30:00,2020-02-11,0,0,0,0,0
15,5,0,2020-02-10 21:00:00,2020-02-10,0,0,0,0,0
15,5,0,2020-02-09 21:00:00,2020-02-09,0,0,0,0,2
15,3,0,2020-02-08 21:00:00,2020-02-08,0,0,0,0,0
15,3,0,2020-02-07 21:00:00,2020-02-07,1,0,0,0,0
14,3,0,2020-02-06 21:00:00,2020-02-06,1,0,0,0,0
13,3,0,2020-02-05 21:00:00,2020-02-05,1,0,0,0,0
12,3,0,2020-02-04 20:00:00,2020-02-04,0,0,0,0,0
12,3,0,2020-02-03 20:00:00,2020-02-03,0,0,0,0,1
12,2,0,2020-02-02 20:00:00,2020-02-02,3,0,0,0,0
9,2,0,2020-02-01 10:00:00,2020-02-01,1,0,0,0,0
8,2,0,2020-01-31 12:30:00,2020-01-31,1,0,0,0,2
7,0,0,2020-01-30 12:00:00,2020-01-30,2,0,0,0,0
5,0,0,2020-01-29 14:00:00,2020-01-29,0,0,0,0,0
5,0,0,2020-01-28 11:30:00,2020-01-28,1,0,0,0,0
4,0,0,2020-01-27 14:00:00,2020-01-27,0,0,0,0,0
4,0,0,2020-01-26 13:00:00,2020-01-26,0,0,0,0,0
4,0,0,2020-01-25 15:00:00,2020-01-25,4,0,0,0,0
0,0,0,2020-01-24 15:00:00,2020-01-24,0,0,0,0,0
0,0,0,2020-01-23 15:00:00,2020-01-23,0,0,0,0,0
0,0,0,2020-01-22 15:00:00,2020-01-22,0,0,0,0,0
0,0,0,2020-01-21 15:00:00,2020-01-21,0,0,0,0,0
