Confirmed,Deaths,date_day,New,DayElapsed,New_death,DayElapsed_death,Recovered,New_recover
0,0,2020-01-21,0,0,0,0,0,0
0,0,2020-01-22,0,0,0,0,0,0
0,0,2020-01-23,0,0,0,0,0,0
0,0,2020-01-24,0,0,0,0,0,0
0,0,2020-01-25,0,0,0,0,0,0
0,0,2020-01-26,0,0,0,0,0,0
0,0,2020-01-27,0,0,0,0,0,0
0,0,2020-01-28,0,0,0,0,0,0
0,0,2020-01-29,0,0,0,0,0,0
0,0,2020-01-30,0,0,0,0,0,0
0,0,2020-01-31,0,0,0,0,0,0
0,0,2020-02-01,0,0,0,0,0,0
0,0,2020-02-02,0,0,0,0,0,0
0,0,2020-02-03,0,0,0,0,0,0
0,0,2020-02-04,0,0,0,0,0,0
0,0,2020-02-05,0,0,0,0,0,0
0,0,2020-02-06,0,0,0,0,0,0
0,0,2020-02-07,0,0,0,0,0,0
0,0,2020-02-08,0,0,0,0,0,0
0,0,2020-02-09,0,0,0,0,0,0
0,0,2020-02-10,0,0,0,0,0,0
0,0,2020-02-11,0,0,0,0,0,0
0,0,2020-02-12,0,0,0,0,0,0
0,0,2020-02-13,0,0,0,0,0,0
0,0,2020-02-14,0,0,0,0,0,0
0,0,2020-02-15,0,0,0,0,0,0
0,0,2020-02-16,0,0,0,0,0,0
0,0,2020-02-17,0,0,0,0,0,0
0,0,2020-02-18,0,0,0,0,0,0
0,0,2020-02-19,0,0,0,0,0,0
0,0,2020-02-20,0,0,0,0,0,0
0,0,2020-02-21,0,0,0,0,0,0
0,0,2020-02-22,0,0,0,0,0,0
0,0,2020-02-23,0,0,0,0,0,0
14,0,2020-02-24,14,0,0,0,0,0
14,0,2020-02-25,0,0,0,0,0,0
14,0,2020-02-26,0,0,0,0,0,0
14,0,2020-02-27,0,0,0,0,0,0
15,0,2020-02-28,1,0,0,0,0,0
15,0,2020-02-29,0,0,0,0,0,0
19,0,2020-03-01,4,0,0,0,0,0
25,0,2020-03-02,6,0,0,0,0,0
35,0,2020-03-03,10,0,0,0,0,0
48,0,2020-03-04,13,0,0,0,0,0
52,0,2020-03-05,4,0,0,0,0,0
79,0,2020-03-06,27,0,0,0,0,0
117,0,2020-03-07,38,1,0,0,0,0
148,0,2020-03-08,31,2,0,0,0,0
256,0,2020-03-09,108,3,0,0,0,0
314,0,2020-03-10,58,4,0,0,0,0
366,0,2020-03-11,52,5,0,0,0,0
500,1,2020-03-12,134,6,1,0,0,0
558,1,2020-03-13,58,7,0,0,0,0
681,1,2020-03-14,123,8,0,0,0,0
886,4,2020-03-15,205,9,3,1,0,0
1067,5,2020-03-16,181,10,1,2,0,0
1109,4,2020-03-17,42,11,-1,3,0,0
1243,4,2020-03-18,134,12,0,4,0,0
1692,8,2020-03-19,449,13,4,5,0,0
2401,12,2020-03-20,709,14,4,6,0,0
2960,19,2020-03-21,559,15,7,7,0,0
3650,21,2020-03-22,690,16,2,8,0,0
4892,26,2020-03-23,1242,17,5,9,0,0
5754,30,2020-03-24,862,18,4,10,0,0
6558,37,2020-03-25,804,19,7,11,0,0
7993,47,2020-03-26,1435,20,10,12,0,0
9481,55,2020-03-27,1488,21,8,13,0,0
11150,77,2020-03-28,1669,22,22,14,0,0
12881,107,2020-03-29,1731,23,30,15,0,0
13989,127,2020-03-30,1108,24,20,16,0,0
14810,162,2020-03-31,821,25,35,17,0,0
16497,225,2020-04-01,1687,26,63,18,0,0
18496,268,2020-04-02,1999,27,43,19,0,0
20237,307,2020-04-03,1741,28,39,20,0,0
21908,349,2020-04-04,1671,29,42,21,0,0
23846,396,2020-04-05,1938,30,47,22,0,0
24974,437,2020-04-06,1128,31,41,23,0,0
26163,481,2020-04-07,1189,32,44,24,0,0
27564,564,2020-04-08,1401,33,83,25,0,0
28827,635,2020-04-09,1263,34,71,26,0,0
30363,703,2020-04-10,1536,35,68,27,0,0
31453,747,2020-04-11,1090,36,44,28,0,0
32282,786,2020-04-12,829,37,39,29,0,0
33015,820,2020-04-13,733,38,34,30,0,0
33569,872,2020-04-14,554,39,52,31,0,0
34294,954,2020-04-15,725,40,82,32,0,0
35142,1049,2020-04-16,848,41,95,33,0,0
36027,1137,2020-04-17,885,42,88,34,0,0
36881,1198,2020-04-18,854,43,61,35,0,0
37407,1256,2020-04-19,526,44,58,36,0,0
37849,1286,2020-04-20,442,45,30,37,0,0
38310,1336,2020-04-21,461,46,50,38,0,0
38814,1424,2020-04-22,504,47,88,39,0,0
39395,1476,2020-04-23,581,48,52,40,0,0
39939,1525,2020-04-24,544,49,49,41,0,0
39939,1525,2020-04-25,0,50,0,42,0,0
