Confirmed,Recovered,Deaths,Date_last_updated_AEDT,date_day,New,DayElapsed,New_death,DayElapsed_death,New_recover
68289,31142,4683,2020-04-29 07:30:00,2020-04-29,843,47,80,42,0
67446,31142,4603,2020-04-28 22:00:00,2020-04-28,4346,46,317,41,990
63100,30152,4286,2020-04-27 22:00:00,2020-04-27,3776,45,229,40,992
59324,29160,4057,2020-04-26 22:00:00,2020-04-26,5281,44,353,39,1505
54043,27655,3704,2020-04-25 22:00:00,2020-04-25,3813,43,361,38,1082
50230,26573,3343,2020-04-24 22:00:00,2020-04-24,3882,42,409,37,1255
46348,25318,2934,2020-04-23 22:00:00,2020-04-23,2980,41,173,36,993
43368,24325,2761,2020-04-22 22:00:00,2020-04-22,2554,40,173,35,1334
40814,22991,2588,2020-04-21 22:00:00,2020-04-21,1670,39,104,34,861
39144,22130,2484,2020-04-20 22:00:00,2020-04-20,2219,38,112,33,8104
36925,14026,2372,2020-04-19 22:00:00,2020-04-19,2704,37,201,32,0
34221,14026,2171,2020-04-18 22:00:00,2020-04-18,3330,36,219,31,0
30891,14026,1952,2020-04-17 22:00:00,2020-04-17,1876,35,192,30,0
29015,14026,1760,2020-04-16 22:00:00,2020-04-16,3257,34,203,29,0
25758,14026,1557,2020-04-15 22:00:00,2020-04-15,2035,33,202,28,11047
23723,2979,1355,2020-04-14 22:00:00,2020-04-14,1405,32,125,27,2806
22318,173,1230,2020-04-13 22:00:00,2020-04-13,1354,31,89,26,0
20964,173,1141,2020-04-12 22:00:00,2020-04-12,1021,30,67,25,0
19943,173,1074,2020-04-11 22:00:00,2020-04-11,1767,29,117,24,0
18176,173,957,2020-04-10 22:00:00,2020-04-10,1938,28,134,23,0
16238,173,823,2020-04-09 22:00:00,2020-04-09,2166,27,132,22,46
14072,127,691,2020-04-08 22:00:00,2020-04-08,1832,26,125,21,0
12240,127,566,2020-04-07 22:00:00,2020-04-07,959,25,79,20,0
11281,127,487,2020-04-06 22:00:00,2020-04-06,921,24,42,19,0
10360,127,445,2020-04-05 22:00:00,2020-04-05,1144,23,80,18,0
9216,127,365,2020-04-04 21:00:00,2020-04-04,1150,22,38,17,0
8066,127,327,2020-04-03 21:00:00,2020-04-03,1135,21,83,16,0
6931,127,244,2020-04-02 21:00:00,2020-04-02,1119,20,42,15,0
5812,127,202,2020-04-01 21:00:00,2020-04-01,1151,19,37,14,0
4661,127,165,2020-03-31 21:00:00,2020-03-31,405,18,29,13,121
4256,6,136,2020-03-30 21:00:00,2020-03-30,352,17,22,12,0
3904,6,114,2020-03-29 21:00:00,2020-03-29,427,16,21,11,0
3477,6,93,2020-03-28 21:00:00,2020-03-28,489,15,16,10,0
2988,6,77,2020-03-27 21:10:00,2020-03-27,425,14,17,9,0
2563,6,60,2020-03-26 22:20:00,2020-03-26,292,13,13,8,4
2271,2,47,2020-03-25 23:20:00,2020-03-25,311,12,13,7,0
1960,2,34,2020-03-24 21:20:00,2020-03-24,341,11,9,6,0
1619,2,25,2020-03-23 21:40:00,2020-03-23,441,10,7,5,0
1178,2,18,2020-03-22 21:00:00,2020-03-22,201,9,7,4,0
977,2,11,2020-03-21 21:00:00,2020-03-21,330,8,4,3,0
647,2,7,2020-03-20 21:20:00,2020-03-20,118,7,3,2,0
529,2,4,2020-03-19 21:30:00,2020-03-19,180,6,2,1,0
349,2,2,2020-03-18 22:00:00,2020-03-18,115,5,2,0,0
234,2,0,2020-03-17 21:00:00,2020-03-17,31,4,0,0,0
203,2,0,2020-03-16 21:00:00,2020-03-16,52,3,0,0,1
151,1,0,2020-03-15 21:00:00,2020-03-15,0,2,0,0,0
151,1,0,2020-03-14 21:00:00,2020-03-14,74,1,0,0,1
77,0,0,2020-03-13 21:00:00,2020-03-13,25,0,0,0,0
52,0,0,2020-03-12 21:00:00,2020-03-12,18,0,0,0,0
34,0,0,2020-03-11 21:00:00,2020-03-11,9,0,0,0,0
25,0,0,2020-03-10 21:00:00,2020-03-10,0,0,0,0,0
25,0,0,2020-03-09 21:00:00,2020-03-09,6,0,0,0,0
19,0,0,2020-03-08 21:00:00,2020-03-08,5,0,0,0,0
14,0,0,2020-03-07 21:00:00,2020-03-07,6,0,0,0,0
8,0,0,2020-03-06 21:00:00,2020-03-06,5,0,0,0,0
3,0,0,2020-03-05 21:00:00,2020-03-05,1,0,0,0,0
2,0,0,2020-03-04 21:00:00,2020-03-04,0,0,0,0,0
2,0,0,2020-03-03 21:00:00,2020-03-03,0,0,0,0,0
2,0,0,2020-03-02 21:00:00,2020-03-02,0,0,0,0,0
2,0,0,2020-03-01 21:00:00,2020-03-01,1,0,0,0,0
1,0,0,2020-02-29 21:00:00,2020-02-29,0,0,0,0,0
1,0,0,2020-02-28 21:00:00,2020-02-28,0,0,0,0,0
1,0,0,2020-02-27 21:00:00,2020-02-27,0,0,0,0,0
1,0,0,2020-02-26 21:00:00,2020-02-26,1,0,0,0,0
0,0,0,2020-02-25 21:00:00,2020-02-25,0,0,0,0,0
0,0,0,2020-02-24 21:00:00,2020-02-24,0,0,0,0,0
0,0,0,2020-02-23 21:00:00,2020-02-23,0,0,0,0,0
0,0,0,2020-02-22 21:00:00,2020-02-22,0,0,0,0,0
0,0,0,2020-02-21 21:00:00,2020-02-21,0,0,0,0,0
0,0,0,2020-02-20 21:00:00,2020-02-20,0,0,0,0,0
0,0,0,2020-02-19 21:00:00,2020-02-19,0,0,0,0,0
0,0,0,2020-02-18 21:00:00,2020-02-18,0,0,0,0,0
0,0,0,2020-02-17 21:00:00,2020-02-17,0,0,0,0,0
0,0,0,2020-02-16 21:00:00,2020-02-16,0,0,0,0,0
0,0,0,2020-02-15 21:00:00,2020-02-15,0,0,0,0,0
0,0,0,2020-02-14 21:00:00,2020-02-14,0,0,0,0,0
0,0,0,2020-02-13 21:00:00,2020-02-13,0,0,0,0,0
0,0,0,2020-02-12 21:00:00,2020-02-12,0,0,0,0,0
0,0,0,2020-02-11 20:30:00,2020-02-11,0,0,0,0,0
0,0,0,2020-02-10 21:00:00,2020-02-10,0,0,0,0,0
0,0,0,2020-02-09 21:00:00,2020-02-09,0,0,0,0,0
0,0,0,2020-02-08 21:00:00,2020-02-08,0,0,0,0,0
0,0,0,2020-02-07 21:00:00,2020-02-07,0,0,0,0,0
0,0,0,2020-02-06 21:00:00,2020-02-06,0,0,0,0,0
0,0,0,2020-02-05 21:00:00,2020-02-05,0,0,0,0,0
0,0,0,2020-02-04 20:00:00,2020-02-04,0,0,0,0,0
0,0,0,2020-02-03 20:00:00,2020-02-03,0,0,0,0,0
0,0,0,2020-02-02 20:00:00,2020-02-02,0,0,0,0,0
0,0,0,2020-02-01 10:00:00,2020-02-01,0,0,0,0,0
0,0,0,2020-01-31 12:30:00,2020-01-31,0,0,0,0,0
0,0,0,2020-01-30 12:00:00,2020-01-30,0,0,0,0,0
0,0,0,2020-01-29 14:00:00,2020-01-29,0,0,0,0,0
0,0,0,2020-01-28 11:30:00,2020-01-28,0,0,0,0,0
0,0,0,2020-01-27 14:00:00,2020-01-27,0,0,0,0,0
0,0,0,2020-01-26 13:00:00,2020-01-26,0,0,0,0,0
0,0,0,2020-01-25 15:00:00,2020-01-25,0,0,0,0,0
0,0,0,2020-01-24 15:00:00,2020-01-24,0,0,0,0,0
0,0,0,2020-01-23 15:00:00,2020-01-23,0,0,0,0,0
0,0,0,2020-01-22 15:00:00,2020-01-22,0,0,0,0,0
0,0,0,2020-01-21 15:00:00,2020-01-21,0,0,0,0,0
