Confirmed,Recovered,Deaths,Date_last_updated_AEDT,date_day,New,DayElapsed,New_death,DayElapsed_death,New_recover
1430,668,43,2020-04-25 09:00:00,2020-04-25,0,27,0,27,0
1430,668,43,2020-04-24 22:00:00,2020-04-24,267,26,0,26,271
1163,397,43,2020-04-23 22:00:00,2020-04-23,0,25,0,25,66
1163,331,43,2020-04-22 22:00:00,2020-04-22,0,24,0,24,2
1163,329,43,2020-04-21 22:00:00,2020-04-21,146,23,1,23,24
1017,305,42,2020-04-20 22:00:00,2020-04-20,0,22,0,22,0
1017,305,42,2020-04-19 22:00:00,2020-04-19,0,21,20,21,128
1017,177,22,2020-04-18 22:00:00,2020-04-18,21,20,0,20,13
996,164,22,2020-04-17 22:00:00,2020-04-17,148,19,5,19,-1
848,165,17,2020-04-16 22:00:00,2020-04-16,0,18,3,18,35
848,130,14,2020-04-15 22:00:00,2020-04-15,0,17,2,17,32
848,98,12,2020-04-14 22:00:00,2020-04-14,28,16,0,16,0
820,98,12,2020-04-13 22:00:00,2020-04-13,0,15,0,15,0
820,98,12,2020-04-12 22:00:00,2020-04-12,0,14,0,14,0
820,98,12,2020-04-11 22:00:00,2020-04-11,17,13,0,13,37
803,61,12,2020-04-10 22:00:00,2020-04-10,73,12,2,12,1
730,60,10,2020-04-09 22:00:00,2020-04-09,45,11,1,11,0
685,60,9,2020-04-08 22:00:00,2020-04-08,27,10,0,10,43
658,17,9,2020-04-07 22:00:00,2020-04-07,0,9,0,9,0
658,17,9,2020-04-06 22:00:00,2020-04-06,103,8,0,8,0
555,17,9,2020-04-05 22:00:00,2020-04-05,46,7,1,7,0
509,17,8,2020-04-04 21:00:00,2020-04-04,203,6,1,6,7
306,10,7,2020-04-03 21:00:00,2020-04-03,51,5,1,5,0
255,10,6,2020-04-02 21:00:00,2020-04-02,22,4,0,4,0
233,10,6,2020-04-01 21:00:00,2020-04-01,40,3,0,3,5
193,5,6,2020-03-31 21:00:00,2020-03-31,54,2,0,2,0
139,5,6,2020-03-30 21:00:00,2020-03-30,48,1,4,1,3
91,2,2,2020-03-29 21:00:00,2020-03-29,0,0,0,0,0
91,2,2,2020-03-28 21:00:00,2020-03-28,3,0,0,0,0
88,2,2,2020-03-27 21:10:00,2020-03-27,13,0,1,0,0
75,2,1,2020-03-26 22:20:00,2020-03-26,5,0,0,0,0
70,2,1,2020-03-25 23:20:00,2020-03-25,4,0,1,0,0
66,2,0,2020-03-24 21:20:00,2020-03-24,10,0,0,0,0
56,2,0,2020-03-23 21:40:00,2020-03-23,16,0,0,0,0
40,2,0,2020-03-22 21:00:00,2020-03-22,13,0,0,0,0
27,2,0,2020-03-21 21:00:00,2020-03-21,7,0,0,0,0
20,2,0,2020-03-20 21:20:00,2020-03-20,7,0,0,0,2
13,0,0,2020-03-19 21:30:00,2020-03-19,3,0,0,0,0
10,0,0,2020-03-18 22:00:00,2020-03-18,5,0,0,0,0
5,0,0,2020-03-17 21:00:00,2020-03-17,1,0,0,0,0
4,0,0,2020-03-16 21:00:00,2020-03-16,2,0,0,0,0
2,0,0,2020-03-15 21:00:00,2020-03-15,0,0,0,0,0
2,0,0,2020-03-14 21:00:00,2020-03-14,0,0,0,0,0
2,0,0,2020-03-13 21:00:00,2020-03-13,0,0,0,0,0
2,0,0,2020-03-12 21:00:00,2020-03-12,0,0,0,0,0
2,0,0,2020-03-11 21:00:00,2020-03-11,0,0,0,0,0
2,0,0,2020-03-10 21:00:00,2020-03-10,0,0,0,0,0
2,0,0,2020-03-09 21:00:00,2020-03-09,0,0,0,0,0
2,0,0,2020-03-08 21:00:00,2020-03-08,0,0,0,0,0
2,0,0,2020-03-07 21:00:00,2020-03-07,1,0,0,0,0
1,0,0,2020-03-06 21:00:00,2020-03-06,1,0,0,0,0
0,0,0,2020-03-05 21:00:00,2020-03-05,0,0,0,0,0
0,0,0,2020-03-04 21:00:00,2020-03-04,0,0,0,0,0
0,0,0,2020-03-03 21:00:00,2020-03-03,0,0,0,0,0
0,0,0,2020-03-02 21:00:00,2020-03-02,0,0,0,0,0
0,0,0,2020-03-01 21:00:00,2020-03-01,0,0,0,0,0
0,0,0,2020-02-29 21:00:00,2020-02-29,0,0,0,0,0
0,0,0,2020-02-28 21:00:00,2020-02-28,0,0,0,0,0
0,0,0,2020-02-27 21:00:00,2020-02-27,0,0,0,0,0
0,0,0,2020-02-26 21:00:00,2020-02-26,0,0,0,0,0
0,0,0,2020-02-25 21:00:00,2020-02-25,0,0,0,0,0
0,0,0,2020-02-24 21:00:00,2020-02-24,0,0,0,0,0
0,0,0,2020-02-23 21:00:00,2020-02-23,0,0,0,0,0
0,0,0,2020-02-22 21:00:00,2020-02-22,0,0,0,0,0
0,0,0,2020-02-21 21:00:00,2020-02-21,0,0,0,0,0
0,0,0,2020-02-20 21:00:00,2020-02-20,0,0,0,0,0
0,0,0,2020-02-19 21:00:00,2020-02-19,0,0,0,0,0
0,0,0,2020-02-18 21:00:00,2020-02-18,0,0,0,0,0
0,0,0,2020-02-17 21:00:00,2020-02-17,0,0,0,0,0
0,0,0,2020-02-16 21:00:00,2020-02-16,0,0,0,0,0
0,0,0,2020-02-15 21:00:00,2020-02-15,0,0,0,0,0
0,0,0,2020-02-14 21:00:00,2020-02-14,0,0,0,0,0
0,0,0,2020-02-13 21:00:00,2020-02-13,0,0,0,0,0
0,0,0,2020-02-12 21:00:00,2020-02-12,0,0,0,0,0
0,0,0,2020-02-11 20:30:00,2020-02-11,0,0,0,0,0
0,0,0,2020-02-10 21:00:00,2020-02-10,0,0,0,0,0
0,0,0,2020-02-09 21:00:00,2020-02-09,0,0,0,0,0
0,0,0,2020-02-08 21:00:00,2020-02-08,0,0,0,0,0
0,0,0,2020-02-07 21:00:00,2020-02-07,0,0,0,0,0
0,0,0,2020-02-06 21:00:00,2020-02-06,0,0,0,0,0
0,0,0,2020-02-05 21:00:00,2020-02-05,0,0,0,0,0
0,0,0,2020-02-04 20:00:00,2020-02-04,0,0,0,0,0
0,0,0,2020-02-03 20:00:00,2020-02-03,0,0,0,0,0
0,0,0,2020-02-02 20:00:00,2020-02-02,0,0,0,0,0
0,0,0,2020-02-01 10:00:00,2020-02-01,0,0,0,0,0
0,0,0,2020-01-31 12:30:00,2020-01-31,0,0,0,0,0
0,0,0,2020-01-30 12:00:00,2020-01-30,0,0,0,0,0
0,0,0,2020-01-29 14:00:00,2020-01-29,0,0,0,0,0
0,0,0,2020-01-28 11:30:00,2020-01-28,0,0,0,0,0
0,0,0,2020-01-27 14:00:00,2020-01-27,0,0,0,0,0
0,0,0,2020-01-26 13:00:00,2020-01-26,0,0,0,0,0
0,0,0,2020-01-25 15:00:00,2020-01-25,0,0,0,0,0
0,0,0,2020-01-24 15:00:00,2020-01-24,0,0,0,0,0
0,0,0,2020-01-23 15:00:00,2020-01-23,0,0,0,0,0
0,0,0,2020-01-22 15:00:00,2020-01-22,0,0,0,0,0
0,0,0,2020-01-21 15:00:00,2020-01-21,0,0,0,0,0
