Confirmed,Recovered,Deaths,Date_last_updated_AEDT,date_day,New,DayElapsed,New_death,DayElapsed_death,New_recover
12858,6746,181,2020-04-26 22:00:00,2020-04-26,552,41,7,32,419
12306,6327,174,2020-04-25 22:00:00,2020-04-25,494,40,6,31,523
11812,5804,168,2020-04-24 22:00:00,2020-04-24,516,39,8,30,418
11296,5386,160,2020-04-23 22:00:00,2020-04-23,464,38,13,29,417
10832,4969,147,2020-04-22 22:00:00,2020-04-22,325,37,8,28,293
10507,4676,139,2020-04-21 22:00:00,2020-04-21,419,36,6,27,338
10088,4338,133,2020-04-20 22:00:00,2020-04-20,358,35,7,26,303
9730,4035,126,2020-04-19 22:00:00,2020-04-19,478,34,10,25,414
9252,3621,116,2020-04-18 22:00:00,2020-04-18,445,33,11,24,322
8807,3299,105,2020-04-17 22:00:00,2020-04-17,534,32,11,23,362
8273,2937,94,2020-04-16 22:00:00,2020-04-16,356,31,2,22,291
7917,2646,92,2020-04-15 22:00:00,2020-04-15,392,30,10,21,279
7525,2367,82,2020-04-14 22:00:00,2020-04-14,312,29,2,20,308
7213,2059,80,2020-04-13 22:00:00,2020-04-13,286,28,7,19,195
6927,1864,73,2020-04-12 22:00:00,2020-04-12,426,27,8,18,293
6501,1571,65,2020-04-11 22:00:00,2020-04-11,529,26,8,17,297
5972,1274,57,2020-04-10 22:00:00,2020-04-10,426,25,9,16,159
5546,1115,48,2020-04-09 22:00:00,2020-04-09,430,24,5,15,217
5116,898,43,2020-04-08 22:00:00,2020-04-08,301,23,6,14,170
4815,728,37,2020-04-07 22:00:00,2020-04-07,344,22,3,13,110
4471,618,34,2020-04-06 22:00:00,2020-04-06,310,21,7,12,90
4161,528,27,2020-04-05 22:00:00,2020-04-05,424,20,5,11,101
3737,427,22,2020-04-04 21:00:00,2020-04-04,333,19,4,10,92
3404,335,18,2020-04-03 21:00:00,2020-04-03,373,18,2,9,101
3031,234,16,2020-04-02 21:00:00,2020-04-02,293,17,4,8,78
2738,156,12,2020-04-01 21:00:00,2020-04-01,289,16,4,7,0
2449,156,8,2020-03-31 21:00:00,2020-03-31,310,15,1,6,81
2139,75,7,2020-03-30 21:00:00,2020-03-30,230,14,1,5,14
1909,61,6,2020-03-29 21:00:00,2020-03-29,299,13,1,4,18
1610,43,5,2020-03-28 21:00:00,2020-03-28,304,12,1,3,21
1306,22,4,2020-03-27 21:10:00,2020-03-27,164,11,1,2,0
1142,22,3,2020-03-26 22:20:00,2020-03-26,220,10,1,1,5
922,17,2,2020-03-25 23:20:00,2020-03-25,176,9,0,0,6
746,11,2,2020-03-24 21:20:00,2020-03-24,114,8,1,0,3
632,8,1,2020-03-23 21:40:00,2020-03-23,95,7,0,0,0
537,8,1,2020-03-22 21:00:00,2020-03-22,103,6,1,0,2
434,6,0,2020-03-21 21:00:00,2020-03-21,92,5,0,0,6
342,0,0,2020-03-20 21:20:00,2020-03-20,104,4,0,0,0
238,0,0,2020-03-19 21:30:00,2020-03-19,37,3,0,0,0
201,0,0,2020-03-18 22:00:00,2020-03-18,45,2,0,0,0
156,0,0,2020-03-17 21:00:00,2020-03-17,81,1,0,0,0
75,0,0,2020-03-16 21:00:00,2020-03-16,14,0,0,0,0
61,0,0,2020-03-15 21:00:00,2020-03-15,18,0,0,0,0
43,0,0,2020-03-14 21:00:00,2020-03-14,10,0,0,0,0
33,0,0,2020-03-13 21:00:00,2020-03-13,10,0,0,0,0
23,0,0,2020-03-12 21:00:00,2020-03-12,6,0,0,0,0
17,0,0,2020-03-11 21:00:00,2020-03-11,4,0,0,0,0
13,0,0,2020-03-10 21:00:00,2020-03-10,3,0,0,0,0
10,0,0,2020-03-09 21:00:00,2020-03-09,3,0,0,0,0
7,0,0,2020-03-08 21:00:00,2020-03-08,2,0,0,0,0
5,0,0,2020-03-07 21:00:00,2020-03-07,1,0,0,0,0
4,0,0,2020-03-06 21:00:00,2020-03-06,1,0,0,0,0
3,0,0,2020-03-05 21:00:00,2020-03-05,2,0,0,0,0
1,0,0,2020-03-04 21:00:00,2020-03-04,1,0,0,0,0
0,0,0,2020-03-03 21:00:00,2020-03-03,0,0,0,0,0
0,0,0,2020-03-02 21:00:00,2020-03-02,0,0,0,0,0
0,0,0,2020-03-01 21:00:00,2020-03-01,0,0,0,0,0
0,0,0,2020-02-29 21:00:00,2020-02-29,0,0,0,0,0
0,0,0,2020-02-28 21:00:00,2020-02-28,0,0,0,0,0
0,0,0,2020-02-27 21:00:00,2020-02-27,0,0,0,0,0
0,0,0,2020-02-26 21:00:00,2020-02-26,0,0,0,0,0
0,0,0,2020-02-25 21:00:00,2020-02-25,0,0,0,0,0
0,0,0,2020-02-24 21:00:00,2020-02-24,0,0,0,0,0
0,0,0,2020-02-23 21:00:00,2020-02-23,0,0,0,0,0
0,0,0,2020-02-22 21:00:00,2020-02-22,0,0,0,0,0
0,0,0,2020-02-21 21:00:00,2020-02-21,0,0,0,0,0
0,0,0,2020-02-20 21:00:00,2020-02-20,0,0,0,0,0
0,0,0,2020-02-19 21:00:00,2020-02-19,0,0,0,0,0
0,0,0,2020-02-18 21:00:00,2020-02-18,0,0,0,0,0
0,0,0,2020-02-17 21:00:00,2020-02-17,0,0,0,0,0
0,0,0,2020-02-16 21:00:00,2020-02-16,0,0,0,0,0
0,0,0,2020-02-15 21:00:00,2020-02-15,0,0,0,0,0
0,0,0,2020-02-14 21:00:00,2020-02-14,0,0,0,0,0
0,0,0,2020-02-13 21:00:00,2020-02-13,0,0,0,0,0
0,0,0,2020-02-12 21:00:00,2020-02-12,0,0,0,0,0
0,0,0,2020-02-11 20:30:00,2020-02-11,0,0,0,0,0
0,0,0,2020-02-10 21:00:00,2020-02-10,0,0,0,0,0
0,0,0,2020-02-09 21:00:00,2020-02-09,0,0,0,0,0
0,0,0,2020-02-08 21:00:00,2020-02-08,0,0,0,0,0
0,0,0,2020-02-07 21:00:00,2020-02-07,0,0,0,0,0
0,0,0,2020-02-06 21:00:00,2020-02-06,0,0,0,0,0
0,0,0,2020-02-05 21:00:00,2020-02-05,0,0,0,0,0
0,0,0,2020-02-04 20:00:00,2020-02-04,0,0,0,0,0
0,0,0,2020-02-03 20:00:00,2020-02-03,0,0,0,0,0
0,0,0,2020-02-02 20:00:00,2020-02-02,0,0,0,0,0
0,0,0,2020-02-01 10:00:00,2020-02-01,0,0,0,0,0
0,0,0,2020-01-31 12:30:00,2020-01-31,0,0,0,0,0
0,0,0,2020-01-30 12:00:00,2020-01-30,0,0,0,0,0
0,0,0,2020-01-29 14:00:00,2020-01-29,0,0,0,0,0
0,0,0,2020-01-28 11:30:00,2020-01-28,0,0,0,0,0
0,0,0,2020-01-27 14:00:00,2020-01-27,0,0,0,0,0
0,0,0,2020-01-26 13:00:00,2020-01-26,0,0,0,0,0
0,0,0,2020-01-25 15:00:00,2020-01-25,0,0,0,0,0
0,0,0,2020-01-24 15:00:00,2020-01-24,0,0,0,0,0
0,0,0,2020-01-23 15:00:00,2020-01-23,0,0,0,0,0
0,0,0,2020-01-22 15:00:00,2020-01-22,0,0,0,0,0
0,0,0,2020-01-21 15:00:00,2020-01-21,0,0,0,0,0
