Confirmed,Recovered,Deaths,Date_last_updated_AEDT,date_day,New,DayElapsed,New_death,DayElapsed_death,New_recover
579,573,6,2020-04-25 09:00:00,2020-04-25,0,90,0,74,0
579,573,6,2020-04-24 22:00:00,2020-04-24,0,89,0,73,3
579,570,6,2020-04-23 22:00:00,2020-04-23,0,88,0,72,0
579,570,6,2020-04-22 22:00:00,2020-04-22,0,87,0,71,0
579,570,6,2020-04-21 22:00:00,2020-04-21,0,86,0,70,0
579,570,6,2020-04-20 22:00:00,2020-04-20,0,85,0,69,0
579,570,6,2020-04-19 22:00:00,2020-04-19,0,84,0,68,0
579,570,6,2020-04-18 22:00:00,2020-04-18,0,83,0,67,0
579,570,6,2020-04-17 22:00:00,2020-04-17,0,82,0,66,0
579,570,6,2020-04-16 22:00:00,2020-04-16,0,81,0,65,0
579,570,6,2020-04-15 22:00:00,2020-04-15,0,80,0,64,0
579,570,6,2020-04-14 22:00:00,2020-04-14,0,79,0,63,0
579,570,6,2020-04-13 22:00:00,2020-04-13,0,78,0,62,0
579,570,6,2020-04-12 22:00:00,2020-04-12,0,77,0,61,0
579,570,6,2020-04-11 22:00:00,2020-04-11,0,76,0,60,0
579,570,6,2020-04-10 22:00:00,2020-04-10,0,75,0,59,0
579,570,6,2020-04-09 22:00:00,2020-04-09,0,74,0,58,0
579,570,6,2020-04-08 22:00:00,2020-04-08,0,73,0,57,0
579,570,6,2020-04-07 22:00:00,2020-04-07,0,72,0,56,0
579,570,6,2020-04-06 22:00:00,2020-04-06,0,71,0,55,0
579,570,6,2020-04-05 22:00:00,2020-04-05,0,70,0,54,0
579,570,6,2020-04-04 21:00:00,2020-04-04,0,69,0,53,0
579,570,6,2020-04-03 21:00:00,2020-04-03,0,68,0,52,0
579,570,6,2020-04-02 21:00:00,2020-04-02,0,67,0,51,0
579,570,6,2020-04-01 21:00:00,2020-04-01,0,66,0,50,0
579,570,6,2020-03-31 21:00:00,2020-03-31,0,65,0,49,0
579,570,6,2020-03-30 21:00:00,2020-03-30,0,64,0,48,0
579,570,6,2020-03-29 21:00:00,2020-03-29,1,63,0,47,0
578,570,6,2020-03-28 21:00:00,2020-03-28,0,62,0,46,0
578,570,6,2020-03-27 21:10:00,2020-03-27,0,61,0,45,0
578,570,6,2020-03-26 22:20:00,2020-03-26,0,60,0,44,0
578,570,6,2020-03-25 23:20:00,2020-03-25,0,59,0,43,0
578,570,6,2020-03-24 21:20:00,2020-03-24,1,58,0,42,0
577,570,6,2020-03-23 21:40:00,2020-03-23,1,57,0,41,0
576,570,6,2020-03-22 21:00:00,2020-03-22,0,56,0,40,0
576,570,6,2020-03-21 21:00:00,2020-03-21,0,55,0,39,0
576,570,6,2020-03-20 21:20:00,2020-03-20,0,54,0,38,0
576,570,6,2020-03-19 21:30:00,2020-03-19,0,53,0,37,0
576,570,6,2020-03-18 22:00:00,2020-03-18,0,52,0,36,0
576,570,6,2020-03-17 21:00:00,2020-03-17,0,51,0,35,0
576,570,6,2020-03-16 21:00:00,2020-03-16,0,50,0,34,0
576,570,6,2020-03-15 21:00:00,2020-03-15,0,49,0,33,4
576,566,6,2020-03-14 21:00:00,2020-03-14,0,48,0,32,2
576,564,6,2020-03-13 21:00:00,2020-03-13,0,47,0,31,10
576,554,6,2020-03-12 21:00:00,2020-03-12,0,46,0,30,5
576,549,6,2020-03-11 21:00:00,2020-03-11,0,45,0,29,7
576,542,6,2020-03-10 21:00:00,2020-03-10,0,44,0,28,14
576,528,6,2020-03-09 21:00:00,2020-03-09,0,43,0,27,2
576,526,6,2020-03-08 21:00:00,2020-03-08,0,42,0,26,6
576,520,6,2020-03-07 21:00:00,2020-03-07,0,41,0,25,7
576,513,6,2020-03-06 21:00:00,2020-03-06,0,40,0,24,11
576,502,6,2020-03-05 21:00:00,2020-03-05,0,39,0,23,12
576,490,6,2020-03-04 21:00:00,2020-03-04,0,38,0,22,21
576,469,6,2020-03-03 21:00:00,2020-03-03,0,37,0,21,19
576,450,6,2020-03-02 21:00:00,2020-03-02,0,36,0,20,8
576,442,6,2020-03-01 21:00:00,2020-03-01,0,35,0,19,20
576,422,6,2020-02-29 21:00:00,2020-02-29,0,34,0,18,20
576,402,6,2020-02-28 21:00:00,2020-02-28,0,33,0,17,18
576,384,6,2020-02-27 21:00:00,2020-02-27,0,32,0,16,11
576,373,6,2020-02-26 21:00:00,2020-02-26,0,31,0,15,24
576,349,6,2020-02-25 21:00:00,2020-02-25,1,30,0,14,14
575,335,6,2020-02-24 21:00:00,2020-02-24,2,29,0,13,7
573,328,6,2020-02-23 21:00:00,2020-02-23,1,28,0,12,12
572,316,6,2020-02-22 21:00:00,2020-02-22,5,27,0,11,17
567,299,6,2020-02-21 21:00:00,2020-02-21,7,26,1,10,25
560,274,5,2020-02-20 21:00:00,2020-02-20,5,25,0,9,20
555,254,5,2020-02-19 21:00:00,2020-02-19,2,24,0,8,19
553,235,5,2020-02-18 21:00:00,2020-02-18,1,23,0,7,25
552,210,5,2020-02-17 21:00:00,2020-02-17,5,22,0,6,23
547,187,5,2020-02-16 21:00:00,2020-02-16,9,21,0,5,21
538,166,5,2020-02-15 21:00:00,2020-02-15,6,20,0,4,27
532,139,5,2020-02-14 21:00:00,2020-02-14,7,19,2,3,25
525,114,3,2020-02-13 21:00:00,2020-02-13,16,18,0,2,27
509,87,3,2020-02-12 21:00:00,2020-02-12,20,17,1,1,15
489,72,2,2020-02-11 20:30:00,2020-02-11,16,16,0,0,11
473,61,2,2020-02-10 21:00:00,2020-02-10,23,15,0,0,11
450,50,2,2020-02-09 21:00:00,2020-02-09,22,14,0,0,11
428,39,2,2020-02-08 21:00:00,2020-02-08,13,13,0,0,14
415,25,2,2020-02-07 21:00:00,2020-02-07,15,12,0,0,1
400,24,2,2020-02-06 21:00:00,2020-02-06,24,11,0,0,9
376,15,2,2020-02-05 21:00:00,2020-02-05,32,10,0,0,6
344,9,2,2020-02-04 20:00:00,2020-02-04,32,9,0,0,1
312,8,2,2020-02-03 20:00:00,2020-02-03,37,8,1,0,1
275,7,1,2020-02-02 20:00:00,2020-02-02,37,7,0,0,6
238,1,1,2020-02-01 10:00:00,2020-02-01,32,6,1,0,0
206,1,0,2020-01-31 12:30:00,2020-01-31,41,5,0,0,0
165,1,0,2020-01-30 12:00:00,2020-01-30,18,4,0,0,0
147,1,0,2020-01-29 14:00:00,2020-01-29,15,3,0,0,1
132,0,0,2020-01-28 11:30:00,2020-01-28,22,2,0,0,0
110,0,0,2020-01-27 14:00:00,2020-01-27,35,1,0,0,0
75,0,0,2020-01-26 13:00:00,2020-01-26,18,0,0,0,0
57,0,0,2020-01-25 15:00:00,2020-01-25,30,0,0,0,0
27,0,0,2020-01-24 15:00:00,2020-01-24,18,0,0,0,0
9,0,0,2020-01-23 15:00:00,2020-01-23,3,0,0,0,0
6,0,0,2020-01-22 15:00:00,2020-01-22,1,0,0,0,0
5,0,0,2020-01-21 15:00:00,2020-01-21,0,0,0,0,0
