Confirmed,Recovered,Deaths,Date_last_updated_AEDT,date_day,New,DayElapsed,New_death,DayElapsed_death,New_recover
695,264,6,2020-04-27 22:00:00,2020-04-27,2,38,0,19,22
693,242,6,2020-04-26 22:00:00,2020-04-26,6,37,0,18,26
687,216,6,2020-04-25 22:00:00,2020-04-25,1,36,0,17,20
686,196,6,2020-04-24 22:00:00,2020-04-24,5,35,0,16,16
681,180,6,2020-04-23 22:00:00,2020-04-23,12,34,0,15,30
669,150,6,2020-04-22 22:00:00,2020-04-22,7,33,0,14,26
662,124,6,2020-04-21 22:00:00,2020-04-21,2,32,1,13,12
660,112,5,2020-04-20 22:00:00,2020-04-20,5,31,1,12,15
655,97,4,2020-04-19 22:00:00,2020-04-19,6,30,0,11,9
649,88,4,2020-04-18 22:00:00,2020-04-18,7,29,0,10,14
642,74,4,2020-04-17 22:00:00,2020-04-17,16,28,0,9,7
626,67,4,2020-04-16 22:00:00,2020-04-16,8,27,1,8,1
618,66,3,2020-04-15 22:00:00,2020-04-15,6,26,0,7,4
612,62,3,2020-04-14 22:00:00,2020-04-14,17,25,0,6,6
595,56,3,2020-04-13 22:00:00,2020-04-13,18,24,0,5,7
577,49,3,2020-04-12 22:00:00,2020-04-12,19,23,0,4,7
558,42,3,2020-04-11 22:00:00,2020-04-11,19,22,0,3,12
539,30,3,2020-04-10 22:00:00,2020-04-10,37,21,0,2,1
502,29,3,2020-04-09 22:00:00,2020-04-09,19,20,1,1,5
483,24,2,2020-04-08 22:00:00,2020-04-08,16,19,0,0,6
467,18,2,2020-04-07 22:00:00,2020-04-07,13,18,0,0,2
454,16,2,2020-04-06 22:00:00,2020-04-06,19,17,0,0,3
435,13,2,2020-04-05 22:00:00,2020-04-05,19,16,0,0,2
416,11,2,2020-04-04 21:00:00,2020-04-04,20,15,0,0,5
396,6,2,2020-04-03 21:00:00,2020-04-03,21,14,0,0,2
375,4,2,2020-04-02 21:00:00,2020-04-02,28,13,0,0,0
347,4,2,2020-04-01 21:00:00,2020-04-01,17,12,0,0,0
330,4,2,2020-03-31 21:00:00,2020-03-31,16,11,0,0,1
314,3,2,2020-03-30 21:00:00,2020-03-30,19,10,0,0,0
295,3,2,2020-03-29 21:00:00,2020-03-29,32,9,0,0,0
263,3,2,2020-03-28 21:00:00,2020-03-28,32,8,0,0,1
231,2,2,2020-03-27 21:10:00,2020-03-27,30,7,0,0,0
201,2,2,2020-03-26 22:20:00,2020-03-26,24,6,0,0,0
177,2,2,2020-03-25 23:20:00,2020-03-25,19,5,0,0,0
158,2,2,2020-03-24 21:20:00,2020-03-24,24,4,0,0,0
134,2,2,2020-03-23 21:40:00,2020-03-23,17,3,0,0,0
117,2,2,2020-03-22 21:00:00,2020-03-22,4,2,0,0,0
113,2,2,2020-03-21 21:00:00,2020-03-21,24,1,0,0,2
89,0,2,2020-03-20 21:20:00,2020-03-20,20,0,1,0,0
69,0,1,2020-03-19 21:30:00,2020-03-19,19,0,1,0,0
50,0,0,2020-03-18 22:00:00,2020-03-18,9,0,0,0,0
41,0,0,2020-03-17 21:00:00,2020-03-17,6,0,0,0,0
35,0,0,2020-03-16 21:00:00,2020-03-16,8,0,0,0,0
27,0,0,2020-03-15 21:00:00,2020-03-15,1,0,0,0,0
26,0,0,2020-03-14 21:00:00,2020-03-14,3,0,0,0,0
23,0,0,2020-03-13 21:00:00,2020-03-13,1,0,0,0,0
22,0,0,2020-03-12 21:00:00,2020-03-12,9,0,0,0,0
13,0,0,2020-03-11 21:00:00,2020-03-11,4,0,0,0,0
9,0,0,2020-03-10 21:00:00,2020-03-10,0,0,0,0,0
9,0,0,2020-03-09 21:00:00,2020-03-09,4,0,0,0,0
5,0,0,2020-03-08 21:00:00,2020-03-08,4,0,0,0,0
1,0,0,2020-03-07 21:00:00,2020-03-07,0,0,0,0,0
1,0,0,2020-03-06 21:00:00,2020-03-06,1,0,0,0,0
0,0,0,2020-03-05 21:00:00,2020-03-05,0,0,0,0,0
0,0,0,2020-03-04 21:00:00,2020-03-04,0,0,0,0,0
0,0,0,2020-03-03 21:00:00,2020-03-03,0,0,0,0,0
0,0,0,2020-03-02 21:00:00,2020-03-02,0,0,0,0,0
0,0,0,2020-03-01 21:00:00,2020-03-01,0,0,0,0,0
0,0,0,2020-02-29 21:00:00,2020-02-29,0,0,0,0,0
0,0,0,2020-02-28 21:00:00,2020-02-28,0,0,0,0,0
0,0,0,2020-02-27 21:00:00,2020-02-27,0,0,0,0,0
0,0,0,2020-02-26 21:00:00,2020-02-26,0,0,0,0,0
0,0,0,2020-02-25 21:00:00,2020-02-25,0,0,0,0,0
0,0,0,2020-02-24 21:00:00,2020-02-24,0,0,0,0,0
0,0,0,2020-02-23 21:00:00,2020-02-23,0,0,0,0,0
0,0,0,2020-02-22 21:00:00,2020-02-22,0,0,0,0,0
0,0,0,2020-02-21 21:00:00,2020-02-21,0,0,0,0,0
0,0,0,2020-02-20 21:00:00,2020-02-20,0,0,0,0,0
0,0,0,2020-02-19 21:00:00,2020-02-19,0,0,0,0,0
0,0,0,2020-02-18 21:00:00,2020-02-18,0,0,0,0,0
0,0,0,2020-02-17 21:00:00,2020-02-17,0,0,0,0,0
0,0,0,2020-02-16 21:00:00,2020-02-16,0,0,0,0,0
0,0,0,2020-02-15 21:00:00,2020-02-15,0,0,0,0,0
0,0,0,2020-02-14 21:00:00,2020-02-14,0,0,0,0,0
0,0,0,2020-02-13 21:00:00,2020-02-13,0,0,0,0,0
0,0,0,2020-02-12 21:00:00,2020-02-12,0,0,0,0,0
0,0,0,2020-02-11 20:30:00,2020-02-11,0,0,0,0,0
0,0,0,2020-02-10 21:00:00,2020-02-10,0,0,0,0,0
0,0,0,2020-02-09 21:00:00,2020-02-09,0,0,0,0,0
0,0,0,2020-02-08 21:00:00,2020-02-08,0,0,0,0,0
0,0,0,2020-02-07 21:00:00,2020-02-07,0,0,0,0,0
0,0,0,2020-02-06 21:00:00,2020-02-06,0,0,0,0,0
0,0,0,2020-02-05 21:00:00,2020-02-05,0,0,0,0,0
0,0,0,2020-02-04 20:00:00,2020-02-04,0,0,0,0,0
0,0,0,2020-02-03 20:00:00,2020-02-03,0,0,0,0,0
0,0,0,2020-02-02 20:00:00,2020-02-02,0,0,0,0,0
0,0,0,2020-02-01 10:00:00,2020-02-01,0,0,0,0,0
0,0,0,2020-01-31 12:30:00,2020-01-31,0,0,0,0,0
0,0,0,2020-01-30 12:00:00,2020-01-30,0,0,0,0,0
0,0,0,2020-01-29 14:00:00,2020-01-29,0,0,0,0,0
0,0,0,2020-01-28 11:30:00,2020-01-28,0,0,0,0,0
0,0,0,2020-01-27 14:00:00,2020-01-27,0,0,0,0,0
0,0,0,2020-01-26 13:00:00,2020-01-26,0,0,0,0,0
0,0,0,2020-01-25 15:00:00,2020-01-25,0,0,0,0,0
0,0,0,2020-01-24 15:00:00,2020-01-24,0,0,0,0,0
0,0,0,2020-01-23 15:00:00,2020-01-23,0,0,0,0,0
0,0,0,2020-01-22 15:00:00,2020-01-22,0,0,0,0,0
0,0,0,2020-01-21 15:00:00,2020-01-21,0,0,0,0,0
