Confirmed,Recovered,Deaths,Date_last_updated_AEDT,date_day,New,DayElapsed,New_death,DayElapsed_death,New_recover
5749,763,267,2020-04-25 09:00:00,2020-04-25,206,35,2,35,89
5543,674,265,2020-04-24 22:00:00,2020-04-24,243,34,5,34,93
5300,581,260,2020-04-23 22:00:00,2020-04-23,256,33,15,33,118
5044,463,245,2020-04-22 22:00:00,2020-04-22,80,32,10,32,47
4964,416,235,2020-04-21 22:00:00,2020-04-21,284,31,9,31,53
4680,363,226,2020-04-20 22:00:00,2020-04-20,345,30,9,30,51
4335,312,217,2020-04-19 22:00:00,2020-04-19,209,29,17,29,44
4126,268,200,2020-04-18 22:00:00,2020-04-18,371,28,4,28,53
3755,215,196,2020-04-17 22:00:00,2020-04-17,141,27,7,27,7
3614,208,189,2020-04-16 22:00:00,2020-04-16,328,26,6,26,46
3286,162,183,2020-04-15 22:00:00,2020-04-15,119,25,6,25,10
3167,152,177,2020-04-14 22:00:00,2020-04-14,200,24,4,24,21
2967,131,173,2020-04-13 22:00:00,2020-04-13,208,23,38,23,23
2759,108,135,2020-04-12 22:00:00,2020-04-12,139,22,9,22,10
2620,98,126,2020-04-11 22:00:00,2020-04-11,271,21,8,21,18
2349,80,118,2020-04-10 22:00:00,2020-04-10,238,20,10,20,30
2111,50,108,2020-04-09 22:00:00,2020-04-09,155,19,10,19,14
1956,36,98,2020-04-08 22:00:00,2020-04-08,128,18,12,18,3
1828,33,86,2020-04-07 22:00:00,2020-04-07,83,17,4,17,16
1745,17,82,2020-04-06 22:00:00,2020-04-06,167,16,5,16,0
1578,17,77,2020-04-05 22:00:00,2020-04-05,90,15,9,15,1
1488,16,68,2020-04-04 21:00:00,2020-04-04,108,14,8,14,0
1380,16,60,2020-04-03 21:00:00,2020-04-03,96,13,3,13,7
1284,9,57,2020-04-02 21:00:00,2020-04-02,175,12,6,12,4
1109,5,51,2020-04-01 21:00:00,2020-04-01,208,11,9,11,1
901,4,42,2020-03-31 21:00:00,2020-03-31,42,10,3,10,1
859,3,39,2020-03-30 21:00:00,2020-03-30,140,9,11,9,0
719,3,28,2020-03-29 21:00:00,2020-03-29,138,8,8,8,0
581,3,20,2020-03-28 21:00:00,2020-03-28,93,7,10,7,0
488,3,10,2020-03-27 21:10:00,2020-03-27,96,6,0,6,0
392,3,10,2020-03-26 22:20:00,2020-03-26,80,5,4,5,0
312,3,6,2020-03-25 23:20:00,2020-03-25,67,4,3,4,0
245,3,3,2020-03-24 21:20:00,2020-03-24,43,3,0,3,3
202,0,3,2020-03-23 21:40:00,2020-03-23,90,2,0,2,0
112,0,3,2020-03-22 21:00:00,2020-03-22,40,1,1,1,0
72,0,2,2020-03-21 21:00:00,2020-03-21,38,0,0,0,0
34,0,2,2020-03-20 21:20:00,2020-03-20,0,0,0,0,0
34,0,2,2020-03-19 21:30:00,2020-03-19,13,0,1,0,0
21,0,1,2020-03-18 22:00:00,2020-03-18,0,0,0,0,0
21,0,1,2020-03-17 21:00:00,2020-03-17,10,0,1,0,0
11,0,0,2020-03-16 21:00:00,2020-03-16,0,0,0,0,0
11,0,0,2020-03-15 21:00:00,2020-03-15,6,0,0,0,0
5,0,0,2020-03-14 21:00:00,2020-03-14,0,0,0,0,0
5,0,0,2020-03-13 21:00:00,2020-03-13,0,0,0,0,0
5,0,0,2020-03-12 21:00:00,2020-03-12,0,0,0,0,0
5,0,0,2020-03-11 21:00:00,2020-03-11,0,0,0,0,0
5,0,0,2020-03-10 21:00:00,2020-03-10,0,0,0,0,0
5,0,0,2020-03-09 21:00:00,2020-03-09,3,0,0,0,0
2,0,0,2020-03-08 21:00:00,2020-03-08,0,0,0,0,0
2,0,0,2020-03-07 21:00:00,2020-03-07,1,0,0,0,0
1,0,0,2020-03-06 21:00:00,2020-03-06,0,0,0,0,0
1,0,0,2020-03-05 21:00:00,2020-03-05,0,0,0,0,0
1,0,0,2020-03-04 21:00:00,2020-03-04,0,0,0,0,0
1,0,0,2020-03-03 21:00:00,2020-03-03,0,0,0,0,0
1,0,0,2020-03-02 21:00:00,2020-03-02,1,0,0,0,0
0,0,0,2020-03-01 21:00:00,2020-03-01,0,0,0,0,0
0,0,0,2020-02-29 21:00:00,2020-02-29,0,0,0,0,0
0,0,0,2020-02-28 21:00:00,2020-02-28,0,0,0,0,0
0,0,0,2020-02-27 21:00:00,2020-02-27,0,0,0,0,0
0,0,0,2020-02-26 21:00:00,2020-02-26,0,0,0,0,0
0,0,0,2020-02-25 21:00:00,2020-02-25,0,0,0,0,0
0,0,0,2020-02-24 21:00:00,2020-02-24,0,0,0,0,0
0,0,0,2020-02-23 21:00:00,2020-02-23,0,0,0,0,0
0,0,0,2020-02-22 21:00:00,2020-02-22,0,0,0,0,0
0,0,0,2020-02-21 21:00:00,2020-02-21,0,0,0,0,0
0,0,0,2020-02-20 21:00:00,2020-02-20,0,0,0,0,0
0,0,0,2020-02-19 21:00:00,2020-02-19,0,0,0,0,0
0,0,0,2020-02-18 21:00:00,2020-02-18,0,0,0,0,0
0,0,0,2020-02-17 21:00:00,2020-02-17,0,0,0,0,0
0,0,0,2020-02-16 21:00:00,2020-02-16,0,0,0,0,0
0,0,0,2020-02-15 21:00:00,2020-02-15,0,0,0,0,0
0,0,0,2020-02-14 21:00:00,2020-02-14,0,0,0,0,0
0,0,0,2020-02-13 21:00:00,2020-02-13,0,0,0,0,0
0,0,0,2020-02-12 21:00:00,2020-02-12,0,0,0,0,0
0,0,0,2020-02-11 20:30:00,2020-02-11,0,0,0,0,0
0,0,0,2020-02-10 21:00:00,2020-02-10,0,0,0,0,0
0,0,0,2020-02-09 21:00:00,2020-02-09,0,0,0,0,0
0,0,0,2020-02-08 21:00:00,2020-02-08,0,0,0,0,0
0,0,0,2020-02-07 21:00:00,2020-02-07,0,0,0,0,0
0,0,0,2020-02-06 21:00:00,2020-02-06,0,0,0,0,0
0,0,0,2020-02-05 21:00:00,2020-02-05,0,0,0,0,0
0,0,0,2020-02-04 20:00:00,2020-02-04,0,0,0,0,0
0,0,0,2020-02-03 20:00:00,2020-02-03,0,0,0,0,0
0,0,0,2020-02-02 20:00:00,2020-02-02,0,0,0,0,0
0,0,0,2020-02-01 10:00:00,2020-02-01,0,0,0,0,0
0,0,0,2020-01-31 12:30:00,2020-01-31,0,0,0,0,0
0,0,0,2020-01-30 12:00:00,2020-01-30,0,0,0,0,0
0,0,0,2020-01-29 14:00:00,2020-01-29,0,0,0,0,0
0,0,0,2020-01-28 11:30:00,2020-01-28,0,0,0,0,0
0,0,0,2020-01-27 14:00:00,2020-01-27,0,0,0,0,0
0,0,0,2020-01-26 13:00:00,2020-01-26,0,0,0,0,0
0,0,0,2020-01-25 15:00:00,2020-01-25,0,0,0,0,0
0,0,0,2020-01-24 15:00:00,2020-01-24,0,0,0,0,0
0,0,0,2020-01-23 15:00:00,2020-01-23,0,0,0,0,0
0,0,0,2020-01-22 15:00:00,2020-01-22,0,0,0,0,0
0,0,0,2020-01-21 15:00:00,2020-01-21,0,0,0,0,0
