Confirmed,Recovered,Deaths,Date_last_updated_AEDT,date_day,New,DayElapsed,New_death,DayElapsed_death,New_recover
449,348,8,2020-04-29 07:30:00,2020-04-29,0,39,1,31,6
449,342,7,2020-04-28 22:00:00,2020-04-28,2,38,0,30,5
447,337,7,2020-04-27 22:00:00,2020-04-27,3,37,0,29,5
444,332,7,2020-04-26 22:00:00,2020-04-26,3,36,0,28,6
441,326,7,2020-04-25 22:00:00,2020-04-25,4,35,0,27,8
437,318,7,2020-04-24 22:00:00,2020-04-24,2,34,0,26,3
435,315,7,2020-04-23 22:00:00,2020-04-23,7,33,0,25,18
428,297,7,2020-04-22 22:00:00,2020-04-22,3,32,0,24,15
425,282,7,2020-04-21 22:00:00,2020-04-21,8,31,0,23,6
417,276,7,2020-04-20 22:00:00,2020-04-20,4,30,0,22,7
413,269,7,2020-04-19 22:00:00,2020-04-19,6,29,0,21,4
407,265,7,2020-04-18 22:00:00,2020-04-18,5,28,0,20,6
402,259,7,2020-04-17 22:00:00,2020-04-17,1,27,0,19,9
401,250,7,2020-04-16 22:00:00,2020-04-16,4,26,0,18,15
397,235,7,2020-04-15 22:00:00,2020-04-15,6,25,0,17,20
391,215,7,2020-04-14 22:00:00,2020-04-14,2,24,0,16,14
389,201,7,2020-04-13 22:00:00,2020-04-13,8,23,0,15,24
381,177,7,2020-04-12 22:00:00,2020-04-12,9,22,0,14,7
372,170,7,2020-04-11 22:00:00,2020-04-11,0,21,0,13,9
372,161,7,2020-04-10 22:00:00,2020-04-10,14,20,1,12,11
358,150,6,2020-04-09 22:00:00,2020-04-09,5,19,0,11,12
353,138,6,2020-04-08 22:00:00,2020-04-08,4,18,0,10,12
349,126,6,2020-04-07 22:00:00,2020-04-07,4,17,1,9,16
345,110,5,2020-04-06 22:00:00,2020-04-06,22,16,0,8,36
323,74,5,2020-04-05 22:00:00,2020-04-05,13,15,0,7,16
310,58,5,2020-04-04 21:00:00,2020-04-04,11,14,0,6,13
299,45,5,2020-04-03 21:00:00,2020-04-03,21,13,0,5,9
278,36,5,2020-04-02 21:00:00,2020-04-02,4,12,0,4,6
274,30,5,2020-04-01 21:00:00,2020-04-01,6,11,0,3,4
268,26,5,2020-03-31 21:00:00,2020-03-31,9,10,1,2,8
259,18,4,2020-03-30 21:00:00,2020-03-30,13,9,3,1,0
246,18,1,2020-03-29 21:00:00,2020-03-29,11,8,0,0,0
235,18,1,2020-03-28 21:00:00,2020-03-28,23,7,1,0,16
212,2,0,2020-03-27 21:10:00,2020-03-27,40,6,0,0,1
172,1,0,2020-03-26 22:20:00,2020-03-26,18,5,0,0,0
154,1,0,2020-03-25 23:20:00,2020-03-25,27,4,0,0,0
127,1,0,2020-03-24 21:20:00,2020-03-24,15,3,0,0,0
112,1,0,2020-03-23 21:40:00,2020-03-23,12,2,0,0,0
100,1,0,2020-03-22 21:00:00,2020-03-22,15,1,0,0,0
85,1,0,2020-03-21 21:00:00,2020-03-21,16,0,0,0,0
69,1,0,2020-03-20 21:20:00,2020-03-20,13,0,0,0,0
56,1,0,2020-03-19 21:30:00,2020-03-19,8,0,0,0,0
48,1,0,2020-03-18 22:00:00,2020-03-18,13,0,0,0,0
35,1,0,2020-03-17 21:00:00,2020-03-17,19,0,0,0,0
16,1,0,2020-03-16 21:00:00,2020-03-16,9,0,0,0,0
7,1,0,2020-03-15 21:00:00,2020-03-15,6,0,0,0,0
1,1,0,2020-03-14 21:00:00,2020-03-14,0,0,0,0,1
1,0,0,2020-03-13 21:00:00,2020-03-13,0,0,0,0,0
1,0,0,2020-03-12 21:00:00,2020-03-12,0,0,0,0,0
1,0,0,2020-03-11 21:00:00,2020-03-11,0,0,0,0,0
1,0,0,2020-03-10 21:00:00,2020-03-10,0,0,0,0,0
1,0,0,2020-03-09 21:00:00,2020-03-09,0,0,0,0,0
1,0,0,2020-03-08 21:00:00,2020-03-08,0,0,0,0,0
1,0,0,2020-03-07 21:00:00,2020-03-07,0,0,0,0,0
1,0,0,2020-03-06 21:00:00,2020-03-06,0,0,0,0,0
1,0,0,2020-03-05 21:00:00,2020-03-05,0,0,0,0,0
1,0,0,2020-03-04 21:00:00,2020-03-04,0,0,0,0,0
1,0,0,2020-03-03 21:00:00,2020-03-03,1,0,0,0,0
0,0,0,2020-03-02 21:00:00,2020-03-02,0,0,0,0,0
0,0,0,2020-03-01 21:00:00,2020-03-01,0,0,0,0,0
0,0,0,2020-02-29 21:00:00,2020-02-29,0,0,0,0,0
0,0,0,2020-02-28 21:00:00,2020-02-28,0,0,0,0,0
0,0,0,2020-02-27 21:00:00,2020-02-27,0,0,0,0,0
0,0,0,2020-02-26 21:00:00,2020-02-26,0,0,0,0,0
0,0,0,2020-02-25 21:00:00,2020-02-25,0,0,0,0,0
0,0,0,2020-02-24 21:00:00,2020-02-24,0,0,0,0,0
0,0,0,2020-02-23 21:00:00,2020-02-23,0,0,0,0,0
0,0,0,2020-02-22 21:00:00,2020-02-22,0,0,0,0,0
0,0,0,2020-02-21 21:00:00,2020-02-21,0,0,0,0,0
0,0,0,2020-02-20 21:00:00,2020-02-20,0,0,0,0,0
0,0,0,2020-02-19 21:00:00,2020-02-19,0,0,0,0,0
0,0,0,2020-02-18 21:00:00,2020-02-18,0,0,0,0,0
0,0,0,2020-02-17 21:00:00,2020-02-17,0,0,0,0,0
0,0,0,2020-02-16 21:00:00,2020-02-16,0,0,0,0,0
0,0,0,2020-02-15 21:00:00,2020-02-15,0,0,0,0,0
0,0,0,2020-02-14 21:00:00,2020-02-14,0,0,0,0,0
0,0,0,2020-02-13 21:00:00,2020-02-13,0,0,0,0,0
0,0,0,2020-02-12 21:00:00,2020-02-12,0,0,0,0,0
0,0,0,2020-02-11 20:30:00,2020-02-11,0,0,0,0,0
0,0,0,2020-02-10 21:00:00,2020-02-10,0,0,0,0,0
0,0,0,2020-02-09 21:00:00,2020-02-09,0,0,0,0,0
0,0,0,2020-02-08 21:00:00,2020-02-08,0,0,0,0,0
0,0,0,2020-02-07 21:00:00,2020-02-07,0,0,0,0,0
0,0,0,2020-02-06 21:00:00,2020-02-06,0,0,0,0,0
0,0,0,2020-02-05 21:00:00,2020-02-05,0,0,0,0,0
0,0,0,2020-02-04 20:00:00,2020-02-04,0,0,0,0,0
0,0,0,2020-02-03 20:00:00,2020-02-03,0,0,0,0,0
0,0,0,2020-02-02 20:00:00,2020-02-02,0,0,0,0,0
0,0,0,2020-02-01 10:00:00,2020-02-01,0,0,0,0,0
0,0,0,2020-01-31 12:30:00,2020-01-31,0,0,0,0,0
0,0,0,2020-01-30 12:00:00,2020-01-30,0,0,0,0,0
0,0,0,2020-01-29 14:00:00,2020-01-29,0,0,0,0,0
0,0,0,2020-01-28 11:30:00,2020-01-28,0,0,0,0,0
0,0,0,2020-01-27 14:00:00,2020-01-27,0,0,0,0,0
0,0,0,2020-01-26 13:00:00,2020-01-26,0,0,0,0,0
0,0,0,2020-01-25 15:00:00,2020-01-25,0,0,0,0,0
0,0,0,2020-01-24 15:00:00,2020-01-24,0,0,0,0,0
0,0,0,2020-01-23 15:00:00,2020-01-23,0,0,0,0,0
0,0,0,2020-01-22 15:00:00,2020-01-22,0,0,0,0,0
0,0,0,2020-01-21 15:00:00,2020-01-21,0,0,0,0,0
