Confirmed,Recovered,Deaths,Date_last_updated_AEDT,date_day,New,DayElapsed,New_death,DayElapsed_death,New_recover
3907,1174,205,2020-04-26 22:00:00,2020-04-26,128,35,5,36,0
3779,1174,200,2020-04-25 22:00:00,2020-04-25,298,34,9,35,0
3481,1174,191,2020-04-24 22:00:00,2020-04-24,108,33,6,34,0
3373,1174,185,2020-04-23 22:00:00,2020-04-23,181,32,14,33,0
3192,1174,171,2020-04-22 22:00:00,2020-04-22,142,31,17,32,0
3050,1174,154,2020-04-21 22:00:00,2020-04-21,90,30,6,31,0
2960,1174,148,2020-04-20 22:00:00,2020-04-20,253,29,4,30,195
2707,979,144,2020-04-19 22:00:00,2020-04-19,185,28,7,29,23
2522,956,137,2020-04-18 22:00:00,2020-04-18,87,27,8,28,0
2435,956,129,2020-04-17 22:00:00,2020-04-17,144,26,7,27,156
2291,800,122,2020-04-16 22:00:00,2020-04-16,81,25,7,26,147
2210,653,115,2020-04-15 22:00:00,2020-04-15,162,24,9,25,347
2048,306,106,2020-04-14 22:00:00,2020-04-14,30,23,-7,24,0
2018,306,113,2020-04-13 22:00:00,2020-04-13,178,22,19,23,0
1840,306,94,2020-04-12 22:00:00,2020-04-12,147,21,4,22,0
1693,306,90,2020-04-11 22:00:00,2020-04-11,241,20,17,21,0
1452,306,73,2020-04-10 22:00:00,2020-04-10,106,19,0,20,0
1346,306,73,2020-04-09 22:00:00,2020-04-09,197,18,8,19,0
1149,306,65,2020-04-08 22:00:00,2020-04-08,141,17,5,18,0
1008,306,60,2020-04-07 22:00:00,2020-04-07,53,16,15,17,0
955,306,45,2020-04-06 22:00:00,2020-04-06,38,15,5,16,78
917,228,40,2020-04-05 22:00:00,2020-04-05,86,14,3,15,164
831,64,37,2020-04-04 21:00:00,2020-04-04,61,13,6,14,0
770,64,31,2020-04-03 21:00:00,2020-04-03,83,12,11,13,0
687,64,20,2020-04-02 21:00:00,2020-04-02,55,11,2,12,63
632,1,18,2020-04-01 21:00:00,2020-04-01,152,10,7,11,0
480,1,11,2020-03-31 21:00:00,2020-03-31,41,9,2,10,0
439,1,9,2020-03-30 21:00:00,2020-03-30,45,8,0,9,0
394,1,9,2020-03-29 21:00:00,2020-03-29,92,7,2,8,0
302,1,7,2020-03-28 21:00:00,2020-03-28,54,6,2,7,0
248,1,5,2020-03-27 21:10:00,2020-03-27,50,5,0,6,0
198,1,5,2020-03-26 22:20:00,2020-03-26,35,4,1,5,0
163,1,4,2020-03-25 23:20:00,2020-03-25,39,3,0,4,0
124,1,4,2020-03-24 21:20:00,2020-03-24,21,2,1,3,0
103,1,3,2020-03-23 21:40:00,2020-03-23,16,1,0,2,0
87,1,3,2020-03-22 21:00:00,2020-03-22,23,0,1,1,0
64,1,2,2020-03-21 21:00:00,2020-03-21,14,0,0,0,0
50,1,2,2020-03-20 21:20:00,2020-03-20,15,0,1,0,0
35,1,1,2020-03-19 21:30:00,2020-03-19,8,0,0,0,0
27,1,1,2020-03-18 22:00:00,2020-03-18,2,0,0,0,0
25,1,1,2020-03-17 21:00:00,2020-03-17,4,0,1,0,1
21,0,0,2020-03-16 21:00:00,2020-03-16,3,0,0,0,0
18,0,0,2020-03-15 21:00:00,2020-03-15,4,0,0,0,0
14,0,0,2020-03-14 21:00:00,2020-03-14,3,0,0,0,0
11,0,0,2020-03-13 21:00:00,2020-03-13,3,0,0,0,0
8,0,0,2020-03-12 21:00:00,2020-03-12,0,0,0,0,0
8,0,0,2020-03-11 21:00:00,2020-03-11,2,0,0,0,0
6,0,0,2020-03-10 21:00:00,2020-03-10,2,0,0,0,0
4,0,0,2020-03-09 21:00:00,2020-03-09,3,0,0,0,0
1,0,0,2020-03-08 21:00:00,2020-03-08,0,0,0,0,0
1,0,0,2020-03-07 21:00:00,2020-03-07,1,0,0,0,0
0,0,0,2020-03-06 21:00:00,2020-03-06,0,0,0,0,0
0,0,0,2020-03-05 21:00:00,2020-03-05,0,0,0,0,0
0,0,0,2020-03-04 21:00:00,2020-03-04,0,0,0,0,0
0,0,0,2020-03-03 21:00:00,2020-03-03,0,0,0,0,0
0,0,0,2020-03-02 21:00:00,2020-03-02,0,0,0,0,0
0,0,0,2020-03-01 21:00:00,2020-03-01,0,0,0,0,0
0,0,0,2020-02-29 21:00:00,2020-02-29,0,0,0,0,0
0,0,0,2020-02-28 21:00:00,2020-02-28,0,0,0,0,0
0,0,0,2020-02-27 21:00:00,2020-02-27,0,0,0,0,0
0,0,0,2020-02-26 21:00:00,2020-02-26,0,0,0,0,0
0,0,0,2020-02-25 21:00:00,2020-02-25,0,0,0,0,0
0,0,0,2020-02-24 21:00:00,2020-02-24,0,0,0,0,0
0,0,0,2020-02-23 21:00:00,2020-02-23,0,0,0,0,0
0,0,0,2020-02-22 21:00:00,2020-02-22,0,0,0,0,0
0,0,0,2020-02-21 21:00:00,2020-02-21,0,0,0,0,0
0,0,0,2020-02-20 21:00:00,2020-02-20,0,0,0,0,0
0,0,0,2020-02-19 21:00:00,2020-02-19,0,0,0,0,0
0,0,0,2020-02-18 21:00:00,2020-02-18,0,0,0,0,0
0,0,0,2020-02-17 21:00:00,2020-02-17,0,0,0,0,0
0,0,0,2020-02-16 21:00:00,2020-02-16,0,0,0,0,0
0,0,0,2020-02-15 21:00:00,2020-02-15,0,0,0,0,0
0,0,0,2020-02-14 21:00:00,2020-02-14,0,0,0,0,0
0,0,0,2020-02-13 21:00:00,2020-02-13,0,0,0,0,0
0,0,0,2020-02-12 21:00:00,2020-02-12,0,0,0,0,0
0,0,0,2020-02-11 20:30:00,2020-02-11,0,0,0,0,0
0,0,0,2020-02-10 21:00:00,2020-02-10,0,0,0,0,0
0,0,0,2020-02-09 21:00:00,2020-02-09,0,0,0,0,0
0,0,0,2020-02-08 21:00:00,2020-02-08,0,0,0,0,0
0,0,0,2020-02-07 21:00:00,2020-02-07,0,0,0,0,0
0,0,0,2020-02-06 21:00:00,2020-02-06,0,0,0,0,0
0,0,0,2020-02-05 21:00:00,2020-02-05,0,0,0,0,0
0,0,0,2020-02-04 20:00:00,2020-02-04,0,0,0,0,0
0,0,0,2020-02-03 20:00:00,2020-02-03,0,0,0,0,0
0,0,0,2020-02-02 20:00:00,2020-02-02,0,0,0,0,0
0,0,0,2020-02-01 10:00:00,2020-02-01,0,0,0,0,0
0,0,0,2020-01-31 12:30:00,2020-01-31,0,0,0,0,0
0,0,0,2020-01-30 12:00:00,2020-01-30,0,0,0,0,0
0,0,0,2020-01-29 14:00:00,2020-01-29,0,0,0,0,0
0,0,0,2020-01-28 11:30:00,2020-01-28,0,0,0,0,0
0,0,0,2020-01-27 14:00:00,2020-01-27,0,0,0,0,0
0,0,0,2020-01-26 13:00:00,2020-01-26,0,0,0,0,0
0,0,0,2020-01-25 15:00:00,2020-01-25,0,0,0,0,0
0,0,0,2020-01-24 15:00:00,2020-01-24,0,0,0,0,0
0,0,0,2020-01-23 15:00:00,2020-01-23,0,0,0,0,0
0,0,0,2020-01-22 15:00:00,2020-01-22,0,0,0,0,0
0,0,0,2020-01-21 15:00:00,2020-01-21,0,0,0,0,0
