Confirmed,Recovered,Deaths,Date_last_updated_AEDT,date_day,New,DayElapsed,New_death,DayElapsed_death,New_recover
146,143,2,2020-04-27 22:00:00,2020-04-27,0,80,0,0,0
146,143,2,2020-04-26 22:00:00,2020-04-26,0,79,0,0,0
146,143,2,2020-04-25 22:00:00,2020-04-25,0,78,0,0,0
146,143,2,2020-04-24 22:00:00,2020-04-24,0,77,0,0,0
146,143,2,2020-04-23 22:00:00,2020-04-23,0,76,0,0,0
146,143,2,2020-04-22 22:00:00,2020-04-22,0,75,0,0,0
146,143,2,2020-04-21 22:00:00,2020-04-21,0,74,0,0,0
146,143,2,2020-04-20 22:00:00,2020-04-20,0,73,0,0,1
146,142,2,2020-04-19 22:00:00,2020-04-19,0,72,0,0,0
146,142,2,2020-04-18 22:00:00,2020-04-18,0,71,0,0,2
146,140,2,2020-04-17 22:00:00,2020-04-17,1,70,0,0,2
145,138,2,2020-04-16 22:00:00,2020-04-16,0,69,0,0,0
145,138,2,2020-04-15 22:00:00,2020-04-15,0,68,0,0,0
145,138,2,2020-04-14 22:00:00,2020-04-14,0,67,0,0,2
145,136,2,2020-04-13 22:00:00,2020-04-13,0,66,0,0,0
145,136,2,2020-04-12 22:00:00,2020-04-12,0,65,0,0,3
145,133,2,2020-04-11 22:00:00,2020-04-11,1,64,0,0,1
144,132,2,2020-04-10 22:00:00,2020-04-10,0,63,0,0,0
144,132,2,2020-04-09 22:00:00,2020-04-09,0,62,0,0,1
144,131,2,2020-04-08 22:00:00,2020-04-08,0,61,0,0,1
144,130,2,2020-04-07 22:00:00,2020-04-07,2,60,0,0,2
142,128,2,2020-04-06 22:00:00,2020-04-06,0,59,0,0,2
142,126,2,2020-04-05 22:00:00,2020-04-05,1,58,0,0,1
141,125,2,2020-04-04 21:00:00,2020-04-04,0,57,0,0,1
141,124,2,2020-04-03 21:00:00,2020-04-03,1,56,0,0,0
140,124,2,2020-04-02 21:00:00,2020-04-02,0,55,0,0,0
140,124,2,2020-04-01 21:00:00,2020-04-01,1,54,0,0,0
139,124,2,2020-03-31 21:00:00,2020-03-31,3,53,0,0,0
136,124,2,2020-03-30 21:00:00,2020-03-30,2,52,0,0,0
134,124,2,2020-03-29 21:00:00,2020-03-29,3,51,0,0,0
131,124,2,2020-03-28 21:00:00,2020-03-28,3,50,0,0,0
128,124,2,2020-03-27 21:10:00,2020-03-27,1,49,0,0,0
127,124,2,2020-03-26 22:20:00,2020-03-26,0,48,0,0,0
127,124,2,2020-03-25 23:20:00,2020-03-25,0,47,0,0,0
127,124,2,2020-03-24 21:20:00,2020-03-24,0,46,0,0,0
127,124,2,2020-03-23 21:40:00,2020-03-23,1,45,0,0,0
126,124,2,2020-03-22 21:00:00,2020-03-22,0,44,0,0,2
126,122,2,2020-03-21 21:00:00,2020-03-21,0,43,0,0,0
126,122,2,2020-03-20 21:20:00,2020-03-20,1,42,1,0,0
125,122,1,2020-03-19 21:30:00,2020-03-19,0,41,0,0,0
125,122,1,2020-03-18 22:00:00,2020-03-18,0,40,0,0,3
125,119,1,2020-03-17 21:00:00,2020-03-17,0,39,0,0,5
125,114,1,2020-03-16 21:00:00,2020-03-16,0,38,0,0,0
125,114,1,2020-03-15 21:00:00,2020-03-15,0,37,0,0,1
125,113,1,2020-03-14 21:00:00,2020-03-14,0,36,0,0,1
125,112,1,2020-03-13 21:00:00,2020-03-13,0,35,0,0,0
125,112,1,2020-03-12 21:00:00,2020-03-12,0,34,0,0,1
125,111,1,2020-03-11 21:00:00,2020-03-11,0,33,0,0,0
125,111,1,2020-03-10 21:00:00,2020-03-10,0,32,0,0,2
125,109,1,2020-03-09 21:00:00,2020-03-09,0,31,0,0,0
125,109,1,2020-03-08 21:00:00,2020-03-08,0,30,0,0,3
125,106,1,2020-03-07 21:00:00,2020-03-07,0,29,0,0,0
125,106,1,2020-03-06 21:00:00,2020-03-06,0,28,0,0,0
125,106,1,2020-03-05 21:00:00,2020-03-05,0,27,0,0,0
125,106,1,2020-03-04 21:00:00,2020-03-04,0,26,0,0,2
125,104,1,2020-03-03 21:00:00,2020-03-03,3,25,0,0,1
122,103,1,2020-03-02 21:00:00,2020-03-02,1,24,0,0,1
121,102,1,2020-03-01 21:00:00,2020-03-01,0,23,0,0,7
121,95,1,2020-02-29 21:00:00,2020-02-29,0,22,0,0,2
121,93,1,2020-02-28 21:00:00,2020-02-28,0,21,0,0,1
121,92,1,2020-02-27 21:00:00,2020-02-27,0,20,0,0,4
121,88,1,2020-02-26 21:00:00,2020-02-26,0,19,0,0,5
121,83,1,2020-02-25 21:00:00,2020-02-25,0,18,0,0,3
121,80,1,2020-02-24 21:00:00,2020-02-24,0,17,0,0,12
121,68,1,2020-02-23 21:00:00,2020-02-23,0,16,0,0,2
121,66,1,2020-02-22 21:00:00,2020-02-22,0,15,0,0,5
121,61,1,2020-02-21 21:00:00,2020-02-21,0,14,0,0,2
121,59,1,2020-02-20 21:00:00,2020-02-20,0,13,0,0,4
121,55,1,2020-02-19 21:00:00,2020-02-19,0,12,0,0,9
121,46,1,2020-02-18 21:00:00,2020-02-18,0,11,0,0,5
121,41,1,2020-02-17 21:00:00,2020-02-17,1,10,0,0,6
120,35,1,2020-02-16 21:00:00,2020-02-16,1,9,0,0,4
119,31,1,2020-02-15 21:00:00,2020-02-15,2,8,0,0,2
117,29,1,2020-02-14 21:00:00,2020-02-14,1,7,0,0,7
116,22,1,2020-02-13 21:00:00,2020-02-13,0,6,1,0,3
116,19,0,2020-02-12 21:00:00,2020-02-12,5,5,0,0,1
111,18,0,2020-02-11 20:30:00,2020-02-11,3,4,0,0,6
108,12,0,2020-02-10 21:00:00,2020-02-10,2,3,0,0,0
106,12,0,2020-02-09 21:00:00,2020-02-09,3,2,0,0,4
103,8,0,2020-02-08 21:00:00,2020-02-08,8,1,0,0,1
95,7,0,2020-02-07 21:00:00,2020-02-07,4,0,0,0,3
91,4,0,2020-02-06 21:00:00,2020-02-06,10,0,0,0,1
81,3,0,2020-02-05 21:00:00,2020-02-05,4,0,0,0,1
77,2,0,2020-02-04 20:00:00,2020-02-04,4,0,0,0,1
73,1,0,2020-02-03 20:00:00,2020-02-03,4,0,0,0,0
69,1,0,2020-02-02 20:00:00,2020-02-02,9,0,0,0,0
60,1,0,2020-02-01 10:00:00,2020-02-01,15,0,0,0,0
45,1,0,2020-01-31 12:30:00,2020-01-31,6,0,0,0,0
39,1,0,2020-01-30 12:00:00,2020-01-30,3,0,0,0,1
36,0,0,2020-01-29 14:00:00,2020-01-29,9,0,0,0,0
27,0,0,2020-01-28 11:30:00,2020-01-28,4,0,0,0,0
23,0,0,2020-01-27 14:00:00,2020-01-27,4,0,0,0,0
19,0,0,2020-01-26 13:00:00,2020-01-26,4,0,0,0,0
15,0,0,2020-01-25 15:00:00,2020-01-25,11,0,0,0,0
4,0,0,2020-01-24 15:00:00,2020-01-24,1,0,0,0,0
3,0,0,2020-01-23 15:00:00,2020-01-23,1,0,0,0,0
2,0,0,2020-01-22 15:00:00,2020-01-22,2,0,0,0,0
0,0,0,2020-01-21 15:00:00,2020-01-21,0,0,0,0,0
