Confirmed,Deaths,date_day,New,DayElapsed,New_death,DayElapsed_death,Recovered,New_recover
0,0,2020-01-21,0,0,0,0,0,0
0,0,2020-01-22,0,0,0,0,0,0
0,0,2020-01-23,0,0,0,0,0,0
0,0,2020-01-24,0,0,0,0,0,0
0,0,2020-01-25,0,0,0,0,0,0
0,0,2020-01-26,0,0,0,0,0,0
0,0,2020-01-27,0,0,0,0,0,0
0,0,2020-01-28,0,0,0,0,0,0
0,0,2020-01-29,0,0,0,0,0,0
0,0,2020-01-30,0,0,0,0,0,0
0,0,2020-01-31,0,0,0,0,0,0
0,0,2020-02-01,0,0,0,0,0,0
0,0,2020-02-02,0,0,0,0,0,0
0,0,2020-02-03,0,0,0,0,0,0
0,0,2020-02-04,0,0,0,0,0,0
0,0,2020-02-05,0,0,0,0,0,0
0,0,2020-02-06,0,0,0,0,0,0
0,0,2020-02-07,0,0,0,0,0,0
0,0,2020-02-08,0,0,0,0,0,0
0,0,2020-02-09,0,0,0,0,0,0
0,0,2020-02-10,0,0,0,0,0,0
0,0,2020-02-11,0,0,0,0,0,0
0,0,2020-02-12,0,0,0,0,0,0
0,0,2020-02-13,0,0,0,0,0,0
0,0,2020-02-14,0,0,0,0,0,0
0,0,2020-02-15,0,0,0,0,0,0
0,0,2020-02-16,0,0,0,0,0,0
0,0,2020-02-17,0,0,0,0,0,0
0,0,2020-02-18,0,0,0,0,0,0
0,0,2020-02-19,0,0,0,0,0,0
0,0,2020-02-20,0,0,0,0,0,0
0,0,2020-02-21,0,0,0,0,0,0
0,0,2020-02-22,0,0,0,0,0,0
0,0,2020-02-23,0,0,0,0,0,0
0,0,2020-02-24,0,0,0,0,0,0
0,0,2020-02-25,0,0,0,0,0,0
0,0,2020-02-26,0,0,0,0,0,0
0,0,2020-02-27,0,0,0,0,0,0
0,0,2020-02-28,0,0,0,0,0,0
0,0,2020-02-29,0,0,0,0,0,0
1,0,2020-03-01,1,0,0,0,0,0
1,0,2020-03-02,0,0,0,0,0,0
1,0,2020-03-03,0,0,0,0,0,0
4,0,2020-03-04,3,0,0,0,0,0
10,0,2020-03-05,6,0,0,0,0,0
18,0,2020-03-06,8,0,0,0,0,0
19,0,2020-03-07,1,0,0,0,0,0
21,0,2020-03-08,2,0,0,0,0,0
33,0,2020-03-09,12,0,0,0,0,0
49,0,2020-03-10,16,0,0,0,0,0
75,0,2020-03-11,26,0,0,0,0,0
129,0,2020-03-12,54,1,0,0,0,0
230,0,2020-03-13,101,2,0,0,0,0
253,0,2020-03-14,23,3,0,0,0,0
287,0,2020-03-15,34,4,0,0,0,0
391,0,2020-03-16,104,5,0,0,0,0
325,0,2020-03-17,-66,6,0,0,0,0
478,0,2020-03-18,153,7,0,0,0,0
669,0,2020-03-19,191,8,0,0,0,0
803,0,2020-03-20,134,9,0,0,0,0
1023,0,2020-03-21,220,10,0,0,0,0
1306,1,2020-03-22,283,11,1,0,0,0
1483,4,2020-03-23,177,12,3,1,0,0
1764,6,2020-03-24,281,13,2,2,0,0
2140,7,2020-03-25,376,14,1,3,0,0
2347,8,2020-03-26,207,15,1,4,0,0
2810,10,2020-03-27,463,16,2,5,0,0
3150,12,2020-03-28,340,17,2,6,0,0
3450,21,2020-03-29,300,18,9,7,0,0
3732,26,2020-03-30,282,19,5,8,0,0
4063,34,2020-03-31,331,20,8,9,0,0
4382,42,2020-04-01,319,21,8,10,0,0
4695,45,2020-04-02,313,22,3,11,0,0
5081,65,2020-04-03,386,23,20,12,0,0
5571,85,2020-04-04,490,24,20,13,0,0
5712,89,2020-04-05,141,25,4,14,0,0
5960,92,2020-04-06,248,26,3,15,0,0
6200,111,2020-04-07,240,27,19,16,0,0
6385,121,2020-04-08,185,28,10,17,0,0
6804,141,2020-04-09,419,29,20,18,0,0
7114,161,2020-04-10,310,30,20,19,0,0
7343,171,2020-04-11,229,31,10,20,0,0
7602,189,2020-04-12,259,32,18,21,0,0
7723,201,2020-04-13,121,33,12,22,0,0
7885,211,2020-04-14,162,34,10,23,0,0
8019,224,2020-04-15,134,35,13,24,0,0
8188,248,2020-04-16,169,36,24,25,0,0
8442,274,2020-04-17,254,37,26,26,0,0
8649,281,2020-04-18,207,38,7,27,0,0
8797,288,2020-04-19,148,39,7,28,0,0
8900,291,2020-04-20,103,40,3,29,0,0
9098,306,2020-04-21,198,41,15,30,0,0
9236,328,2020-04-22,138,42,22,31,0,0
9391,340,2020-04-23,155,43,12,32,0,0
9544,364,2020-04-24,153,44,24,33,0,0
9691,377,2020-04-25,147,45,13,34,0,0
9785,384,2020-04-26,94,46,7,35,0,0
