Confirmed,Recovered,Deaths,Date_last_updated_AEDT,date_day,New,DayElapsed,New_death,DayElapsed_death,New_recover
293696,32344,22365,2020-04-27 22:00:00,2020-04-27,6206,50,563,43,382
287490,31962,21802,2020-04-26 22:00:00,2020-04-26,8176,49,372,42,0
279314,31962,21430,2020-04-25 22:00:00,2020-04-25,8152,48,448,41,744
271162,31218,20982,2020-04-24 22:00:00,2020-04-24,7408,47,734,40,1387
263754,29831,20248,2020-04-23 22:00:00,2020-04-23,5165,46,778,39,5
258589,29826,19470,2020-04-22 22:00:00,2020-04-22,5278,45,648,38,233
253311,29593,18822,2020-04-21 22:00:00,2020-04-21,4894,44,524,37,318
248417,29275,18298,2020-04-20 22:00:00,2020-04-20,5847,43,671,36,391
242570,28884,17627,2020-04-19 22:00:00,2020-04-19,7175,42,496,35,657
235395,28227,17131,2020-04-18 22:00:00,2020-04-18,11704,41,4883,34,124
223691,28103,12248,2020-04-17 22:00:00,2020-04-17,8859,40,619,33,505
214832,27598,11629,2020-04-16 22:00:00,2020-04-16,11455,39,787,32,599
203377,26999,10842,2020-04-15 22:00:00,2020-04-15,7231,38,784,31,536
196146,26463,10058,2020-04-14 22:00:00,2020-04-14,5858,37,673,30,698
190288,25765,9385,2020-04-13 22:00:00,2020-04-13,8463,36,735,29,8676
181825,17089,8650,2020-04-12 22:00:00,2020-04-12,7336,35,763,28,572
174489,16517,7887,2020-04-11 22:00:00,2020-04-11,12682,34,820,27,283
161807,16234,7067,2020-04-10 22:00:00,2020-04-10,10728,33,798,26,307
151079,15927,6269,2020-04-09 22:00:00,2020-04-09,10693,32,780,25,335
140386,15592,5489,2020-04-08 22:00:00,2020-04-08,8556,31,731,24,1356
131830,14236,4758,2020-04-07 22:00:00,2020-04-07,8670,30,599,23,1259
123160,12977,4159,2020-04-06 22:00:00,2020-04-06,8986,29,594,22,1814
114174,11163,3565,2020-04-05 22:00:00,2020-04-05,11005,28,630,21,4501
103169,6662,2935,2020-04-04 21:00:00,2020-04-04,10426,27,467,20,155
92743,6507,2468,2020-04-03 21:00:00,2020-04-03,8697,26,248,19,98
84046,6409,2220,2020-04-02 21:00:00,2020-04-02,7997,25,506,18,6409
76049,0,1714,2020-04-01 21:00:00,2020-04-01,8665,24,372,17,0
67384,0,1342,2020-03-31 21:00:00,2020-03-31,7638,23,376,16,0
59746,0,966,2020-03-30 21:00:00,2020-03-30,6226,22,132,15,0
53520,0,834,2020-03-29 21:00:00,2020-03-29,7426,21,229,14,0
46094,0,605,2020-03-28 21:00:00,2020-03-28,6954,20,144,13,0
39140,0,461,2020-03-27 21:10:00,2020-03-27,6107,19,95,12,0
33033,0,366,2020-03-26 22:20:00,2020-03-26,6657,18,95,11,0
26376,0,271,2020-03-25 23:20:00,2020-03-25,3146,17,83,10,0
23230,0,188,2020-03-24 21:20:00,2020-03-24,6314,16,35,9,0
16916,0,153,2020-03-23 21:40:00,2020-03-23,4594,15,77,8,0
12322,0,76,2020-03-22 21:00:00,2020-03-22,3807,14,20,7,0
8515,0,56,2020-03-21 21:00:00,2020-03-21,2803,13,18,6,0
5712,0,38,2020-03-20 21:20:00,2020-03-20,2626,12,18,5,0
3086,0,20,2020-03-19 21:30:00,2020-03-19,1378,11,4,4,0
1708,0,16,2020-03-18 22:00:00,2020-03-18,739,10,6,3,0
969,0,10,2020-03-17 21:00:00,2020-03-17,223,9,4,2,0
746,0,6,2020-03-16 21:00:00,2020-03-16,133,8,4,1,0
613,0,2,2020-03-15 21:00:00,2020-03-15,191,7,2,0,0
422,0,0,2020-03-14 21:00:00,2020-03-14,97,6,0,0,0
325,0,0,2020-03-13 21:00:00,2020-03-13,106,5,0,0,0
219,0,0,2020-03-12 21:00:00,2020-03-12,43,4,0,0,0
176,0,0,2020-03-11 21:00:00,2020-03-11,33,3,0,0,0
143,0,0,2020-03-10 21:00:00,2020-03-10,38,2,0,0,0
105,0,0,2020-03-09 21:00:00,2020-03-09,16,1,0,0,0
89,0,0,2020-03-08 21:00:00,2020-03-08,45,0,0,0,0
44,0,0,2020-03-07 21:00:00,2020-03-07,22,0,0,0,0
22,0,0,2020-03-06 21:00:00,2020-03-06,11,0,0,0,0
11,0,0,2020-03-05 21:00:00,2020-03-05,9,0,0,0,0
2,0,0,2020-03-04 21:00:00,2020-03-04,1,0,0,0,0
1,0,0,2020-03-03 21:00:00,2020-03-03,0,0,0,0,0
1,0,0,2020-03-02 21:00:00,2020-03-02,1,0,0,0,0
0,0,0,2020-03-01 21:00:00,2020-03-01,0,0,0,0,0
0,0,0,2020-02-29 21:00:00,2020-02-29,0,0,0,0,0
0,0,0,2020-02-28 21:00:00,2020-02-28,0,0,0,0,0
0,0,0,2020-02-27 21:00:00,2020-02-27,0,0,0,0,0
0,0,0,2020-02-26 21:00:00,2020-02-26,0,0,0,0,0
0,0,0,2020-02-25 21:00:00,2020-02-25,0,0,0,0,0
0,0,0,2020-02-24 21:00:00,2020-02-24,0,0,0,0,0
0,0,0,2020-02-23 21:00:00,2020-02-23,0,0,0,0,0
0,0,0,2020-02-22 21:00:00,2020-02-22,0,0,0,0,0
0,0,0,2020-02-21 21:00:00,2020-02-21,0,0,0,0,0
0,0,0,2020-02-20 21:00:00,2020-02-20,0,0,0,0,0
0,0,0,2020-02-19 21:00:00,2020-02-19,0,0,0,0,0
0,0,0,2020-02-18 21:00:00,2020-02-18,0,0,0,0,0
0,0,0,2020-02-17 21:00:00,2020-02-17,0,0,0,0,0
0,0,0,2020-02-16 21:00:00,2020-02-16,0,0,0,0,0
0,0,0,2020-02-15 21:00:00,2020-02-15,0,0,0,0,0
0,0,0,2020-02-14 21:00:00,2020-02-14,0,0,0,0,0
0,0,0,2020-02-13 21:00:00,2020-02-13,0,0,0,0,0
0,0,0,2020-02-12 21:00:00,2020-02-12,0,0,0,0,0
0,0,0,2020-02-11 20:30:00,2020-02-11,0,0,0,0,0
0,0,0,2020-02-10 21:00:00,2020-02-10,0,0,0,0,0
0,0,0,2020-02-09 21:00:00,2020-02-09,0,0,0,0,0
0,0,0,2020-02-08 21:00:00,2020-02-08,0,0,0,0,0
0,0,0,2020-02-07 21:00:00,2020-02-07,0,0,0,0,0
0,0,0,2020-02-06 21:00:00,2020-02-06,0,0,0,0,0
0,0,0,2020-02-05 21:00:00,2020-02-05,0,0,0,0,0
0,0,0,2020-02-04 20:00:00,2020-02-04,0,0,0,0,0
0,0,0,2020-02-03 20:00:00,2020-02-03,0,0,0,0,0
0,0,0,2020-02-02 20:00:00,2020-02-02,0,0,0,0,0
0,0,0,2020-02-01 10:00:00,2020-02-01,0,0,0,0,0
0,0,0,2020-01-31 12:30:00,2020-01-31,0,0,0,0,0
0,0,0,2020-01-30 12:00:00,2020-01-30,0,0,0,0,0
0,0,0,2020-01-29 14:00:00,2020-01-29,0,0,0,0,0
0,0,0,2020-01-28 11:30:00,2020-01-28,0,0,0,0,0
0,0,0,2020-01-27 14:00:00,2020-01-27,0,0,0,0,0
0,0,0,2020-01-26 13:00:00,2020-01-26,0,0,0,0,0
0,0,0,2020-01-25 15:00:00,2020-01-25,0,0,0,0,0
0,0,0,2020-01-24 15:00:00,2020-01-24,0,0,0,0,0
0,0,0,2020-01-23 15:00:00,2020-01-23,0,0,0,0,0
0,0,0,2020-01-22 15:00:00,2020-01-22,0,0,0,0,0
0,0,0,2020-01-21 15:00:00,2020-01-21,0,0,0,0,0
