Confirmed,Deaths,date_day,New,DayElapsed,New_death,DayElapsed_death,Recovered,New_recover
0,0,2020-01-21,0,0,0,0,0,0
0,0,2020-01-22,0,0,0,0,0,0
0,0,2020-01-23,0,0,0,0,0,0
0,0,2020-01-24,0,0,0,0,0,0
0,0,2020-01-25,0,0,0,0,0,0
0,0,2020-01-26,0,0,0,0,0,0
0,0,2020-01-27,0,0,0,0,0,0
0,0,2020-01-28,0,0,0,0,0,0
0,0,2020-01-29,0,0,0,0,0,0
0,0,2020-01-30,0,0,0,0,0,0
0,0,2020-01-31,0,0,0,0,0,0
0,0,2020-02-01,0,0,0,0,0,0
0,0,2020-02-02,0,0,0,0,0,0
0,0,2020-02-03,0,0,0,0,0,0
0,0,2020-02-04,0,0,0,0,0,0
0,0,2020-02-05,0,0,0,0,0,0
0,0,2020-02-06,0,0,0,0,0,0
0,0,2020-02-07,0,0,0,0,0,0
0,0,2020-02-08,0,0,0,0,0,0
0,0,2020-02-09,0,0,0,0,0,0
0,0,2020-02-10,0,0,0,0,0,0
0,0,2020-02-11,0,0,0,0,0,0
0,0,2020-02-12,0,0,0,0,0,0
0,0,2020-02-13,0,0,0,0,0,0
0,0,2020-02-14,0,0,0,0,0,0
0,0,2020-02-15,0,0,0,0,0,0
0,0,2020-02-16,0,0,0,0,0,0
0,0,2020-02-17,0,0,0,0,0,0
0,0,2020-02-18,0,0,0,0,0,0
0,0,2020-02-19,0,0,0,0,0,0
0,0,2020-02-20,0,0,0,0,0,0
0,0,2020-02-21,0,0,0,0,0,0
0,0,2020-02-22,0,0,0,0,0,0
0,0,2020-02-23,0,0,0,0,0,0
0,0,2020-02-24,0,0,0,0,0,0
1,0,2020-02-25,1,0,0,0,0,0
2,0,2020-02-26,1,0,0,0,0,0
4,0,2020-02-27,2,0,0,0,0,0
25,0,2020-02-28,21,0,0,0,0,0
30,0,2020-02-29,5,0,0,0,0,0
66,0,2020-03-01,36,0,0,0,0,0
86,0,2020-03-02,20,0,0,0,0,0
101,0,2020-03-03,15,1,0,0,0,0
111,0,2020-03-04,10,2,0,0,0,0
175,0,2020-03-05,64,3,0,0,0,0
281,0,2020-03-06,106,4,0,0,0,0
346,0,2020-03-07,65,5,0,0,0,0
392,0,2020-03-08,46,6,0,0,0,0
484,2,2020-03-09,92,7,2,0,0,0
648,2,2020-03-10,164,8,0,0,0,0
801,3,2020-03-11,153,9,1,1,0,0
688,3,2020-03-12,-113,10,0,2,0,0
936,3,2020-03-13,248,11,0,3,0,0
1154,5,2020-03-14,218,12,2,4,0,0
1407,5,2020-03-15,253,13,0,5,0,0
1541,5,2020-03-16,134,14,0,6,0,0
2105,6,2020-03-17,564,15,1,7,0,0
2372,6,2020-03-18,267,16,0,8,0,0
3033,6,2020-03-19,661,17,0,9,0,0
3497,6,2020-03-20,464,18,0,10,0,0
3542,6,2020-03-21,45,19,0,11,0,0
3545,6,2020-03-22,3,20,0,12,0,0
5615,28,2020-03-23,2070,21,22,13,0,0
6318,33,2020-03-24,703,22,5,14,0,0
7197,43,2020-03-25,879,23,10,15,0,0
7924,53,2020-03-26,727,24,10,16,0,0
9235,72,2020-03-27,1311,25,19,17,0,0
10607,80,2020-03-28,1372,26,8,18,0,0
11400,98,2020-03-29,793,27,18,19,0,0
12178,101,2020-03-30,778,28,3,20,0,0
13225,117,2020-03-31,1047,29,16,21,0,0
14351,134,2020-04-01,1126,30,17,22,0,0
15427,161,2020-04-02,1076,31,27,23,0,0
16606,178,2020-04-03,1179,32,17,24,0,0
17885,200,2020-04-04,1279,33,22,25,0,0
18735,245,2020-04-05,850,34,45,26,0,0
19384,255,2020-04-06,649,35,10,27,0,0
20220,282,2020-04-07,836,36,27,28,0,0
20929,348,2020-04-08,709,37,66,29,0,0
21961,384,2020-04-09,1032,38,36,30,0,0
23028,446,2020-04-10,1067,39,62,31,0,0
23644,472,2020-04-11,616,40,26,32,0,0
24267,495,2020-04-12,623,41,23,33,0,0
24883,518,2020-04-13,616,42,23,34,0,0
25300,545,2020-04-14,417,43,27,35,0,0
25835,607,2020-04-15,535,44,62,36,0,0
26383,663,2020-04-16,548,45,56,37,0,0
27030,726,2020-04-17,647,46,63,38,0,0
28006,791,2020-04-18,976,47,65,39,0,0
28471,814,2020-04-19,465,48,23,40,0,0
28971,857,2020-04-20,500,49,43,41,0,0
29389,896,2020-04-21,418,50,39,42,0,0
30185,964,2020-04-22,796,51,68,43,0,0
30584,999,2020-04-23,399,52,35,44,0,0
31106,1052,2020-04-24,522,53,53,45,0,0
31106,1052,2020-04-25,0,54,0,46,0,0
