Confirmed,Recovered,Deaths,Date_last_updated_AEDT,date_day,New,DayElapsed,New_death,DayElapsed_death,New_recover
1790,325,10,2020-04-25 09:00:00,2020-04-25,0,31,1,16,0
1790,325,9,2020-04-24 22:00:00,2020-04-24,74,30,1,15,18
1716,307,8,2020-04-23 22:00:00,2020-04-23,102,29,0,14,69
1614,238,8,2020-04-22 22:00:00,2020-04-22,106,28,0,13,0
1508,238,8,2020-04-21 22:00:00,2020-04-21,98,27,1,12,0
1410,238,7,2020-04-20 22:00:00,2020-04-20,144,26,1,11,5
1266,233,6,2020-04-19 22:00:00,2020-04-19,86,25,0,10,57
1180,176,6,2020-04-18 22:00:00,2020-04-18,111,24,1,9,0
1069,176,5,2020-04-17 22:00:00,2020-04-17,50,23,1,8,0
1019,176,4,2020-04-16 22:00:00,2020-04-16,109,22,0,7,45
910,131,4,2020-04-15 22:00:00,2020-04-15,97,21,0,6,1
813,130,4,2020-04-14 22:00:00,2020-04-14,86,20,0,5,6
727,124,4,2020-04-13 22:00:00,2020-04-13,128,19,1,4,15
599,109,3,2020-04-12 22:00:00,2020-04-12,53,18,0,3,0
546,109,3,2020-04-11 22:00:00,2020-04-11,62,17,0,2,0
484,109,3,2020-04-10 22:00:00,2020-04-10,27,16,1,1,0
457,109,2,2020-04-09 22:00:00,2020-04-09,38,15,0,0,37
419,72,2,2020-04-08 22:00:00,2020-04-08,48,14,0,0,5
371,67,2,2020-04-07 22:00:00,2020-04-07,40,13,0,0,6
331,61,2,2020-04-06 22:00:00,2020-04-06,33,12,0,0,0
298,61,2,2020-04-05 22:00:00,2020-04-05,21,11,1,0,0
277,61,1,2020-04-04 21:00:00,2020-04-04,25,10,0,0,4
252,57,1,2020-04-03 21:00:00,2020-04-03,21,9,0,0,0
231,57,1,2020-04-02 21:00:00,2020-04-02,21,8,0,0,23
210,34,1,2020-04-01 21:00:00,2020-04-01,18,7,1,0,0
192,34,0,2020-03-31 21:00:00,2020-03-31,25,6,0,0,11
167,23,0,2020-03-30 21:00:00,2020-03-30,0,5,0,0,0
167,23,0,2020-03-29 21:00:00,2020-03-29,15,4,0,0,0
152,23,0,2020-03-28 21:00:00,2020-03-28,21,3,0,0,0
131,23,0,2020-03-27 21:10:00,2020-03-27,22,2,0,0,0
109,23,0,2020-03-26 22:20:00,2020-03-26,10,1,0,0,6
99,17,0,2020-03-25 23:20:00,2020-03-25,15,0,0,0,0
84,17,0,2020-03-24 21:20:00,2020-03-24,18,0,0,0,0
66,17,0,2020-03-23 21:40:00,2020-03-23,14,0,0,0,4
52,13,0,2020-03-22 21:00:00,2020-03-22,0,0,0,0,0
52,13,0,2020-03-21 21:00:00,2020-03-21,4,0,0,0,0
48,13,0,2020-03-20 21:20:00,2020-03-20,9,0,0,0,0
39,13,0,2020-03-19 21:30:00,2020-03-19,6,0,0,0,1
33,12,0,2020-03-18 22:00:00,2020-03-18,9,0,0,0,0
24,12,0,2020-03-17 21:00:00,2020-03-17,2,0,0,0,3
22,9,0,2020-03-16 21:00:00,2020-03-16,2,0,0,0,0
20,9,0,2020-03-15 21:00:00,2020-03-15,1,0,0,0,0
19,9,0,2020-03-14 21:00:00,2020-03-14,0,0,0,0,0
19,9,0,2020-03-13 21:00:00,2020-03-13,1,0,0,0,0
18,9,0,2020-03-12 21:00:00,2020-03-12,0,0,0,0,0
18,9,0,2020-03-11 21:00:00,2020-03-11,0,0,0,0,0
18,9,0,2020-03-10 21:00:00,2020-03-10,2,0,0,0,7
16,2,0,2020-03-09 21:00:00,2020-03-09,0,0,0,0,0
16,2,0,2020-03-08 21:00:00,2020-03-08,0,0,0,0,0
16,2,0,2020-03-07 21:00:00,2020-03-07,0,0,0,0,0
16,2,0,2020-03-06 21:00:00,2020-03-06,1,0,0,0,0
15,2,0,2020-03-05 21:00:00,2020-03-05,3,0,0,0,0
12,2,0,2020-03-04 21:00:00,2020-03-04,6,0,0,0,0
6,2,0,2020-03-03 21:00:00,2020-03-03,0,0,0,0,1
6,1,0,2020-03-02 21:00:00,2020-03-02,0,0,0,0,0
6,1,0,2020-03-01 21:00:00,2020-03-01,0,0,0,0,1
6,0,0,2020-02-29 21:00:00,2020-02-29,0,0,0,0,0
6,0,0,2020-02-28 21:00:00,2020-02-28,2,0,0,0,0
4,0,0,2020-02-27 21:00:00,2020-02-27,0,0,0,0,0
4,0,0,2020-02-26 21:00:00,2020-02-26,2,0,0,0,0
2,0,0,2020-02-25 21:00:00,2020-02-25,2,0,0,0,0
0,0,0,2020-02-24 21:00:00,2020-02-24,0,0,0,0,0
0,0,0,2020-02-23 21:00:00,2020-02-23,0,0,0,0,0
0,0,0,2020-02-22 21:00:00,2020-02-22,0,0,0,0,0
0,0,0,2020-02-21 21:00:00,2020-02-21,0,0,0,0,0
0,0,0,2020-02-20 21:00:00,2020-02-20,0,0,0,0,0
0,0,0,2020-02-19 21:00:00,2020-02-19,0,0,0,0,0
0,0,0,2020-02-18 21:00:00,2020-02-18,0,0,0,0,0
0,0,0,2020-02-17 21:00:00,2020-02-17,0,0,0,0,0
0,0,0,2020-02-16 21:00:00,2020-02-16,0,0,0,0,0
0,0,0,2020-02-15 21:00:00,2020-02-15,0,0,0,0,0
0,0,0,2020-02-14 21:00:00,2020-02-14,0,0,0,0,0
0,0,0,2020-02-13 21:00:00,2020-02-13,0,0,0,0,0
0,0,0,2020-02-12 21:00:00,2020-02-12,0,0,0,0,0
0,0,0,2020-02-11 20:30:00,2020-02-11,0,0,0,0,0
0,0,0,2020-02-10 21:00:00,2020-02-10,0,0,0,0,0
0,0,0,2020-02-09 21:00:00,2020-02-09,0,0,0,0,0
0,0,0,2020-02-08 21:00:00,2020-02-08,0,0,0,0,0
0,0,0,2020-02-07 21:00:00,2020-02-07,0,0,0,0,0
0,0,0,2020-02-06 21:00:00,2020-02-06,0,0,0,0,0
0,0,0,2020-02-05 21:00:00,2020-02-05,0,0,0,0,0
0,0,0,2020-02-04 20:00:00,2020-02-04,0,0,0,0,0
0,0,0,2020-02-03 20:00:00,2020-02-03,0,0,0,0,0
0,0,0,2020-02-02 20:00:00,2020-02-02,0,0,0,0,0
0,0,0,2020-02-01 10:00:00,2020-02-01,0,0,0,0,0
0,0,0,2020-01-31 12:30:00,2020-01-31,0,0,0,0,0
0,0,0,2020-01-30 12:00:00,2020-01-30,0,0,0,0,0
0,0,0,2020-01-29 14:00:00,2020-01-29,0,0,0,0,0
0,0,0,2020-01-28 11:30:00,2020-01-28,0,0,0,0,0
0,0,0,2020-01-27 14:00:00,2020-01-27,0,0,0,0,0
0,0,0,2020-01-26 13:00:00,2020-01-26,0,0,0,0,0
0,0,0,2020-01-25 15:00:00,2020-01-25,0,0,0,0,0
0,0,0,2020-01-24 15:00:00,2020-01-24,0,0,0,0,0
0,0,0,2020-01-23 15:00:00,2020-01-23,0,0,0,0,0
0,0,0,2020-01-22 15:00:00,2020-01-22,0,0,0,0,0
0,0,0,2020-01-21 15:00:00,2020-01-21,0,0,0,0,0
