Confirmed,Recovered,Deaths,Date_last_updated_AEDT,date_day,New,DayElapsed,New_death,DayElapsed_death,New_recover
230,95,9,2020-04-29 07:30:00,2020-04-29,0,25,0,36,0
230,95,9,2020-04-28 22:00:00,2020-04-28,2,24,0,35,10
228,85,9,2020-04-27 22:00:00,2020-04-27,0,23,0,34,0
228,85,9,2020-04-26 22:00:00,2020-04-26,5,22,0,33,7
223,78,9,2020-04-25 22:00:00,2020-04-25,3,21,0,32,8
220,70,9,2020-04-24 22:00:00,2020-04-24,7,20,0,31,8
213,62,9,2020-04-23 22:00:00,2020-04-23,0,19,0,30,0
213,62,9,2020-04-22 22:00:00,2020-04-22,5,18,1,29,9
208,53,8,2020-04-21 22:00:00,2020-04-21,0,17,0,28,7
208,46,8,2020-04-20 22:00:00,2020-04-20,2,16,0,27,5
206,41,8,2020-04-19 22:00:00,2020-04-19,4,15,0,26,6
202,35,8,2020-04-18 22:00:00,2020-04-18,3,14,0,25,5
199,30,8,2020-04-17 22:00:00,2020-04-17,25,13,0,24,0
174,30,8,2020-04-16 22:00:00,2020-04-16,13,12,0,23,7
161,23,8,2020-04-15 22:00:00,2020-04-15,2,11,1,22,1
159,22,7,2020-04-14 22:00:00,2020-04-14,12,10,1,21,0
147,22,6,2020-04-13 22:00:00,2020-04-13,13,9,0,20,0
134,22,6,2020-04-12 22:00:00,2020-04-12,1,8,0,19,4
133,18,6,2020-04-11 22:00:00,2020-04-11,4,7,0,18,0
129,18,6,2020-04-10 22:00:00,2020-04-10,5,6,1,17,0
124,18,5,2020-04-09 22:00:00,2020-04-09,5,5,0,16,3
119,15,5,2020-04-08 22:00:00,2020-04-08,4,4,0,15,0
115,15,5,2020-04-07 22:00:00,2020-04-07,2,3,0,14,3
113,12,5,2020-04-06 22:00:00,2020-04-06,9,2,2,13,0
104,12,3,2020-04-05 22:00:00,2020-04-05,8,1,0,12,0
96,12,3,2020-04-04 21:00:00,2020-04-04,4,0,0,11,8
92,4,3,2020-04-03 21:00:00,2020-04-03,15,0,0,10,2
77,2,3,2020-04-02 21:00:00,2020-04-02,8,0,0,9,1
69,1,3,2020-04-01 21:00:00,2020-04-01,4,0,0,8,0
65,1,3,2020-03-31 21:00:00,2020-03-31,1,0,0,7,0
64,1,3,2020-03-30 21:00:00,2020-03-30,8,0,0,6,0
56,1,3,2020-03-29 21:00:00,2020-03-29,0,0,0,5,0
56,1,3,2020-03-28 21:00:00,2020-03-28,4,0,0,4,0
52,1,3,2020-03-27 21:10:00,2020-03-27,11,0,0,3,1
41,0,3,2020-03-26 22:20:00,2020-03-26,4,0,0,2,0
37,0,3,2020-03-25 23:20:00,2020-03-25,10,0,1,1,0
27,0,2,2020-03-24 21:20:00,2020-03-24,5,0,1,0,0
22,0,1,2020-03-23 21:40:00,2020-03-23,0,0,0,0,0
22,0,1,2020-03-22 21:00:00,2020-03-22,4,0,0,0,0
18,0,1,2020-03-21 21:00:00,2020-03-21,5,0,1,0,0
13,0,0,2020-03-20 21:20:00,2020-03-20,2,0,0,0,0
11,0,0,2020-03-19 21:30:00,2020-03-19,0,0,0,0,0
11,0,0,2020-03-18 22:00:00,2020-03-18,2,0,0,0,0
9,0,0,2020-03-17 21:00:00,2020-03-17,1,0,0,0,0
8,0,0,2020-03-16 21:00:00,2020-03-16,1,0,0,0,0
7,0,0,2020-03-15 21:00:00,2020-03-15,1,0,0,0,0
6,0,0,2020-03-14 21:00:00,2020-03-14,0,0,0,0,0
6,0,0,2020-03-13 21:00:00,2020-03-13,1,0,0,0,0
5,0,0,2020-03-12 21:00:00,2020-03-12,0,0,0,0,0
5,0,0,2020-03-11 21:00:00,2020-03-11,4,0,0,0,0
1,0,0,2020-03-10 21:00:00,2020-03-10,0,0,0,0,0
1,0,0,2020-03-09 21:00:00,2020-03-09,0,0,0,0,0
1,0,0,2020-03-08 21:00:00,2020-03-08,1,0,0,0,0
0,0,0,2020-03-07 21:00:00,2020-03-07,0,0,0,0,0
0,0,0,2020-03-06 21:00:00,2020-03-06,0,0,0,0,0
0,0,0,2020-03-05 21:00:00,2020-03-05,0,0,0,0,0
0,0,0,2020-03-04 21:00:00,2020-03-04,0,0,0,0,0
0,0,0,2020-03-03 21:00:00,2020-03-03,0,0,0,0,0
0,0,0,2020-03-02 21:00:00,2020-03-02,0,0,0,0,0
0,0,0,2020-03-01 21:00:00,2020-03-01,0,0,0,0,0
0,0,0,2020-02-29 21:00:00,2020-02-29,0,0,0,0,0
0,0,0,2020-02-28 21:00:00,2020-02-28,0,0,0,0,0
0,0,0,2020-02-27 21:00:00,2020-02-27,0,0,0,0,0
0,0,0,2020-02-26 21:00:00,2020-02-26,0,0,0,0,0
0,0,0,2020-02-25 21:00:00,2020-02-25,0,0,0,0,0
0,0,0,2020-02-24 21:00:00,2020-02-24,0,0,0,0,0
0,0,0,2020-02-23 21:00:00,2020-02-23,0,0,0,0,0
0,0,0,2020-02-22 21:00:00,2020-02-22,0,0,0,0,0
0,0,0,2020-02-21 21:00:00,2020-02-21,0,0,0,0,0
0,0,0,2020-02-20 21:00:00,2020-02-20,0,0,0,0,0
0,0,0,2020-02-19 21:00:00,2020-02-19,0,0,0,0,0
0,0,0,2020-02-18 21:00:00,2020-02-18,0,0,0,0,0
0,0,0,2020-02-17 21:00:00,2020-02-17,0,0,0,0,0
0,0,0,2020-02-16 21:00:00,2020-02-16,0,0,0,0,0
0,0,0,2020-02-15 21:00:00,2020-02-15,0,0,0,0,0
0,0,0,2020-02-14 21:00:00,2020-02-14,0,0,0,0,0
0,0,0,2020-02-13 21:00:00,2020-02-13,0,0,0,0,0
0,0,0,2020-02-12 21:00:00,2020-02-12,0,0,0,0,0
0,0,0,2020-02-11 20:30:00,2020-02-11,0,0,0,0,0
0,0,0,2020-02-10 21:00:00,2020-02-10,0,0,0,0,0
0,0,0,2020-02-09 21:00:00,2020-02-09,0,0,0,0,0
0,0,0,2020-02-08 21:00:00,2020-02-08,0,0,0,0,0
0,0,0,2020-02-07 21:00:00,2020-02-07,0,0,0,0,0
0,0,0,2020-02-06 21:00:00,2020-02-06,0,0,0,0,0
0,0,0,2020-02-05 21:00:00,2020-02-05,0,0,0,0,0
0,0,0,2020-02-04 20:00:00,2020-02-04,0,0,0,0,0
0,0,0,2020-02-03 20:00:00,2020-02-03,0,0,0,0,0
0,0,0,2020-02-02 20:00:00,2020-02-02,0,0,0,0,0
0,0,0,2020-02-01 10:00:00,2020-02-01,0,0,0,0,0
0,0,0,2020-01-31 12:30:00,2020-01-31,0,0,0,0,0
0,0,0,2020-01-30 12:00:00,2020-01-30,0,0,0,0,0
0,0,0,2020-01-29 14:00:00,2020-01-29,0,0,0,0,0
0,0,0,2020-01-28 11:30:00,2020-01-28,0,0,0,0,0
0,0,0,2020-01-27 14:00:00,2020-01-27,0,0,0,0,0
0,0,0,2020-01-26 13:00:00,2020-01-26,0,0,0,0,0
0,0,0,2020-01-25 15:00:00,2020-01-25,0,0,0,0,0
0,0,0,2020-01-24 15:00:00,2020-01-24,0,0,0,0,0
0,0,0,2020-01-23 15:00:00,2020-01-23,0,0,0,0,0
0,0,0,2020-01-22 15:00:00,2020-01-22,0,0,0,0,0
0,0,0,2020-01-21 15:00:00,2020-01-21,0,0,0,0,0
