Confirmed,Deaths,date_day,New,DayElapsed,New_death,DayElapsed_death,Recovered,New_recover
0,0,2020-01-21,0,0,0,0,0,0
0,0,2020-01-22,0,0,0,0,0,0
0,0,2020-01-23,0,0,0,0,0,0
0,0,2020-01-24,0,0,0,0,0,0
0,0,2020-01-25,0,0,0,0,0,0
0,0,2020-01-26,0,0,0,0,0,0
0,0,2020-01-27,0,0,0,0,0,0
0,0,2020-01-28,0,0,0,0,0,0
0,0,2020-01-29,0,0,0,0,0,0
0,0,2020-01-30,0,0,0,0,0,0
0,0,2020-01-31,0,0,0,0,0,0
0,0,2020-02-01,0,0,0,0,0,0
0,0,2020-02-02,0,0,0,0,0,0
0,0,2020-02-03,0,0,0,0,0,0
0,0,2020-02-04,0,0,0,0,0,0
0,0,2020-02-05,0,0,0,0,0,0
0,0,2020-02-06,0,0,0,0,0,0
0,0,2020-02-07,0,0,0,0,0,0
0,0,2020-02-08,0,0,0,0,0,0
0,0,2020-02-09,0,0,0,0,0,0
0,0,2020-02-10,0,0,0,0,0,0
0,0,2020-02-11,0,0,0,0,0,0
0,0,2020-02-12,0,0,0,0,0,0
0,0,2020-02-13,0,0,0,0,0,0
0,0,2020-02-14,0,0,0,0,0,0
0,0,2020-02-15,0,0,0,0,0,0
0,0,2020-02-16,0,0,0,0,0,0
0,0,2020-02-17,0,0,0,0,0,0
0,0,2020-02-18,0,0,0,0,0,0
0,0,2020-02-19,0,0,0,0,0,0
0,0,2020-02-20,0,0,0,0,0,0
0,0,2020-02-21,0,0,0,0,0,0
0,0,2020-02-22,0,0,0,0,0,0
0,0,2020-02-23,0,0,0,0,0,0
0,0,2020-02-24,0,0,0,0,0,0
0,0,2020-02-25,0,0,0,0,0,0
0,0,2020-02-26,0,0,0,0,0,0
0,0,2020-02-27,0,0,0,0,0,0
0,0,2020-02-28,0,0,0,0,0,0
1,0,2020-02-29,1,0,0,0,0,0
2,0,2020-03-01,1,0,0,0,0,0
2,0,2020-03-02,0,0,0,0,0,0
2,0,2020-03-03,0,0,0,0,0,0
2,0,2020-03-04,0,0,0,0,0,0
7,0,2020-03-05,5,0,0,0,0,0
8,0,2020-03-06,1,0,0,0,0,0
10,0,2020-03-07,2,0,0,0,0,0
15,0,2020-03-08,5,0,0,0,0,0
19,0,2020-03-09,4,0,0,0,0,0
25,0,2020-03-10,6,0,0,0,0,0
25,0,2020-03-11,0,0,0,0,0,0
52,0,2020-03-12,27,0,0,0,0,0
102,0,2020-03-13,50,1,0,0,0,0
121,0,2020-03-14,19,2,0,0,0,0
168,0,2020-03-15,47,3,0,0,0,0
325,0,2020-03-16,157,4,0,0,0,0
442,0,2020-03-17,117,5,0,0,0,0
474,0,2020-03-18,32,6,0,0,0,0
637,0,2020-03-19,163,7,0,0,0,0
801,1,2020-03-20,164,8,1,0,0,0
938,1,2020-03-21,137,9,0,0,0,0
1053,2,2020-03-22,115,10,1,0,0,0
1177,2,2020-03-23,124,11,0,0,0,0
1370,5,2020-03-24,193,12,3,1,0,0
1591,5,2020-03-25,221,13,0,2,0,0
1816,6,2020-03-26,225,14,1,3,0,0
1971,8,2020-03-27,155,15,2,4,0,0
2212,11,2020-03-28,241,16,3,5,0,0
2396,12,2020-03-29,184,17,1,6,0,0
2584,18,2020-03-30,188,18,6,7,0,0
2726,19,2020-03-31,142,19,1,8,0,0
2899,23,2020-04-01,173,20,4,9,0,0
3132,26,2020-04-02,233,21,3,10,0,0
3362,26,2020-04-03,230,22,0,11,0,0
3504,29,2020-04-04,142,23,3,12,0,0
3663,32,2020-04-05,159,24,3,13,0,0
3882,32,2020-04-06,219,25,0,14,0,0
3992,34,2020-04-07,110,26,2,15,0,0
4148,45,2020-04-08,156,27,11,16,0,0
4336,50,2020-04-09,188,28,5,17,0,0
4440,51,2020-04-10,104,29,1,18,0,0
4622,59,2020-04-11,182,30,8,19,0,0
4734,64,2020-04-12,112,31,5,20,0,0
4810,68,2020-04-13,76,32,4,21,0,0
4880,70,2020-04-14,70,33,2,22,0,0
5004,77,2020-04-15,124,34,7,23,0,0
5087,87,2020-04-16,83,35,10,24,0,0
5211,92,2020-04-17,124,36,5,25,0,0
5324,99,2020-04-18,113,37,7,26,0,0
5432,106,2020-04-19,108,38,7,27,0,0
5523,107,2020-04-20,91,39,1,28,0,0
5561,116,2020-04-21,38,40,9,29,0,0
5593,122,2020-04-22,32,41,6,30,0,0
5643,131,2020-04-23,50,42,9,31,0,0
5731,136,2020-04-24,88,43,5,32,0,0
5767,138,2020-04-25,36,44,2,33,0,0
5835,147,2020-04-26,68,45,9,34,0,0
