Confirmed,Deaths,date_day,New,DayElapsed,New_death,DayElapsed_death,Recovered,New_recover
0,0,2020-01-21,0,0,0,0,0,0
0,0,2020-01-22,0,0,0,0,0,0
0,0,2020-01-23,0,0,0,0,0,0
0,0,2020-01-24,0,0,0,0,0,0
0,0,2020-01-25,0,0,0,0,0,0
0,0,2020-01-26,0,0,0,0,0,0
0,0,2020-01-27,0,0,0,0,0,0
0,0,2020-01-28,0,0,0,0,0,0
0,0,2020-01-29,0,0,0,0,0,0
0,0,2020-01-30,0,0,0,0,0,0
0,0,2020-01-31,0,0,0,0,0,0
0,0,2020-02-01,0,0,0,0,0,0
0,0,2020-02-02,0,0,0,0,0,0
0,0,2020-02-03,0,0,0,0,0,0
0,0,2020-02-04,0,0,0,0,0,0
0,0,2020-02-05,0,0,0,0,0,0
0,0,2020-02-06,0,0,0,0,0,0
0,0,2020-02-07,0,0,0,0,0,0
0,0,2020-02-08,0,0,0,0,0,0
0,0,2020-02-09,0,0,0,0,0,0
0,0,2020-02-10,0,0,0,0,0,0
0,0,2020-02-11,0,0,0,0,0,0
0,0,2020-02-12,0,0,0,0,0,0
0,0,2020-02-13,0,0,0,0,0,0
0,0,2020-02-14,0,0,0,0,0,0
0,0,2020-02-15,0,0,0,0,0,0
0,0,2020-02-16,0,0,0,0,0,0
0,0,2020-02-17,0,0,0,0,0,0
0,0,2020-02-18,0,0,0,0,0,0
0,0,2020-02-19,0,0,0,0,0,0
0,0,2020-02-20,0,0,0,0,0,0
0,0,2020-02-21,0,0,0,0,0,0
0,0,2020-02-22,0,0,0,0,0,0
0,0,2020-02-23,0,0,0,0,0,0
0,0,2020-02-24,0,0,0,0,0,0
0,0,2020-02-25,0,0,0,0,0,0
0,0,2020-02-26,0,0,0,0,0,0
0,0,2020-02-27,0,0,0,0,0,0
0,0,2020-02-28,0,0,0,0,0,0
0,0,2020-02-29,0,0,0,0,0,0
0,0,2020-03-01,0,0,0,0,0,0
0,0,2020-03-02,0,0,0,0,0,0
0,0,2020-03-03,0,0,0,0,0,0
1,0,2020-03-04,1,0,0,0,0,0
1,0,2020-03-05,0,0,0,0,0,0
1,0,2020-03-06,0,0,0,0,0,0
2,0,2020-03-07,1,0,0,0,0,0
4,0,2020-03-08,2,0,0,0,0,0
5,0,2020-03-09,1,0,0,0,0,0
7,0,2020-03-10,2,0,0,0,0,0
14,0,2020-03-11,7,0,0,0,0,0
14,0,2020-03-12,0,0,0,0,0,0
40,0,2020-03-13,26,0,0,0,0,0
40,0,2020-03-14,0,0,0,0,0,0
32,0,2020-03-15,-8,0,0,0,0,0
85,0,2020-03-16,53,0,0,0,0,0
75,0,2020-03-17,-10,0,0,0,0,0
88,0,2020-03-18,13,0,0,0,0,0
99,0,2020-03-19,11,0,0,0,0,0
146,0,2020-03-20,47,1,0,0,0,0
187,0,2020-03-21,41,2,0,0,0,0
187,0,2020-03-22,0,3,0,0,0,0
200,0,2020-03-23,13,4,0,0,0,0
337,1,2020-03-24,137,5,1,0,0,0
403,2,2020-03-25,66,6,1,0,0,0
433,2,2020-03-26,30,7,0,0,0,0
505,2,2020-03-27,72,8,0,0,0,0
550,2,2020-03-28,45,9,0,0,0,0
560,2,2020-03-29,10,10,0,0,0,0
706,7,2020-03-30,146,11,5,1,0,0
782,7,2020-03-31,76,12,0,2,0,0
829,8,2020-04-01,47,13,1,3,0,0
1020,11,2020-04-02,191,14,3,4,0,0
1079,12,2020-04-03,59,15,1,5,0,0
1265,14,2020-04-04,186,16,2,6,0,0
1358,14,2020-04-05,93,17,0,7,0,0
1483,14,2020-04-06,125,18,0,8,0,0
1532,16,2020-04-07,49,19,2,9,0,0
1637,23,2020-04-08,105,20,7,10,0,0
1693,23,2020-04-09,56,21,0,11,0,0
1854,36,2020-04-10,161,22,13,12,0,0
2016,41,2020-04-11,162,23,5,13,0,0
2058,43,2020-04-12,42,24,2,14,0,0
2079,44,2020-04-13,21,25,1,15,0,0
2112,52,2020-04-14,33,26,8,16,0,0
2145,58,2020-04-15,33,27,6,17,0,0
2201,71,2020-04-16,56,28,13,18,0,0
2254,76,2020-04-17,53,29,5,19,0,0
2289,86,2020-04-18,35,30,10,20,0,0
2303,91,2020-04-19,14,31,5,21,0,0
2314,91,2020-04-20,11,32,0,22,0,0
2328,93,2020-04-21,14,33,2,23,0,0
2367,97,2020-04-22,39,34,4,24,0,0
2395,99,2020-04-23,28,35,2,25,0,0
2445,105,2020-04-24,50,36,6,26,0,0
2445,105,2020-04-25,0,37,0,27,0,0
