Confirmed,Recovered,Deaths,Date_last_updated_AEDT,date_day,New,DayElapsed,New_death,DayElapsed_death,New_recover
545,262,7,2020-04-25 09:00:00,2020-04-25,0,31,1,8,0
545,262,6,2020-04-24 22:00:00,2020-04-24,66,30,0,7,5
479,257,6,2020-04-23 22:00:00,2020-04-23,37,29,0,6,4
442,253,6,2020-04-22 22:00:00,2020-04-22,65,28,1,5,18
377,235,5,2020-04-21 22:00:00,2020-04-21,0,27,0,4,0
377,235,5,2020-04-20 22:00:00,2020-04-20,27,26,2,3,24
350,211,3,2020-04-19 22:00:00,2020-04-19,0,25,0,2,0
350,211,3,2020-04-18 22:00:00,2020-04-18,8,24,1,1,13
342,198,2,2020-04-17 22:00:00,2020-04-17,28,23,0,0,8
314,190,2,2020-04-16 22:00:00,2020-04-16,15,22,0,0,7
299,183,2,2020-04-15 22:00:00,2020-04-15,8,21,0,0,5
291,178,2,2020-04-14 22:00:00,2020-04-14,0,20,0,0,0
291,178,2,2020-04-13 22:00:00,2020-04-13,11,19,0,0,7
280,171,2,2020-04-12 22:00:00,2020-04-12,2,18,0,0,34
278,137,2,2020-04-11 22:00:00,2020-04-11,13,17,0,0,0
265,137,2,2020-04-10 22:00:00,2020-04-10,21,16,0,0,24
244,113,2,2020-04-09 22:00:00,2020-04-09,7,15,0,0,8
237,105,2,2020-04-08 22:00:00,2020-04-08,11,14,0,0,13
226,92,2,2020-04-07 22:00:00,2020-04-07,0,13,0,0,0
226,92,2,2020-04-06 22:00:00,2020-04-06,4,12,0,0,10
222,82,2,2020-04-05 22:00:00,2020-04-05,15,11,1,0,16
207,66,1,2020-04-04 21:00:00,2020-04-04,0,10,0,0,0
207,66,1,2020-04-03 21:00:00,2020-04-03,12,9,0,0,11
195,55,1,2020-04-02 21:00:00,2020-04-02,5,8,0,0,10
190,45,1,2020-04-01 21:00:00,2020-04-01,15,7,1,0,5
175,40,0,2020-03-31 21:00:00,2020-03-31,13,6,0,0,13
162,27,0,2020-03-30 21:00:00,2020-03-30,20,5,0,0,0
142,27,0,2020-03-29 21:00:00,2020-03-29,12,4,0,0,9
130,18,0,2020-03-28 21:00:00,2020-03-28,11,3,0,0,7
119,11,0,2020-03-27 21:10:00,2020-03-27,14,2,0,0,2
105,9,0,2020-03-26 22:20:00,2020-03-26,6,1,0,0,0
99,9,0,2020-03-25 23:20:00,2020-03-25,13,0,0,0,1
86,8,0,2020-03-24 21:20:00,2020-03-24,19,0,0,0,3
67,5,0,2020-03-23 21:40:00,2020-03-23,11,0,0,0,0
56,5,0,2020-03-22 21:00:00,2020-03-22,9,0,0,0,0
47,5,0,2020-03-21 21:00:00,2020-03-21,11,0,0,0,3
36,2,0,2020-03-20 21:20:00,2020-03-20,0,0,0,0,0
36,2,0,2020-03-19 21:30:00,2020-03-19,5,0,0,0,0
31,2,0,2020-03-18 22:00:00,2020-03-18,4,0,0,0,0
27,2,0,2020-03-17 21:00:00,2020-03-17,3,0,0,0,0
24,2,0,2020-03-16 21:00:00,2020-03-16,0,0,0,0,0
24,2,0,2020-03-15 21:00:00,2020-03-15,3,0,0,0,0
21,2,0,2020-03-14 21:00:00,2020-03-14,11,0,0,0,1
10,1,0,2020-03-13 21:00:00,2020-03-13,6,0,0,0,0
4,1,0,2020-03-12 21:00:00,2020-03-12,0,0,0,0,0
4,1,0,2020-03-11 21:00:00,2020-03-11,0,0,0,0,0
4,1,0,2020-03-10 21:00:00,2020-03-10,0,0,0,0,0
4,1,0,2020-03-09 21:00:00,2020-03-09,0,0,0,0,0
4,1,0,2020-03-08 21:00:00,2020-03-08,0,0,0,0,0
4,1,0,2020-03-07 21:00:00,2020-03-07,0,0,0,0,1
4,0,0,2020-03-06 21:00:00,2020-03-06,0,0,0,0,0
4,0,0,2020-03-05 21:00:00,2020-03-05,2,0,0,0,0
2,0,0,2020-03-04 21:00:00,2020-03-04,1,0,0,0,0
1,0,0,2020-03-03 21:00:00,2020-03-03,1,0,0,0,0
0,0,0,2020-03-02 21:00:00,2020-03-02,0,0,0,0,0
0,0,0,2020-03-01 21:00:00,2020-03-01,0,0,0,0,0
0,0,0,2020-02-29 21:00:00,2020-02-29,0,0,0,0,0
0,0,0,2020-02-28 21:00:00,2020-02-28,0,0,0,0,0
0,0,0,2020-02-27 21:00:00,2020-02-27,0,0,0,0,0
0,0,0,2020-02-26 21:00:00,2020-02-26,0,0,0,0,0
0,0,0,2020-02-25 21:00:00,2020-02-25,0,0,0,0,0
0,0,0,2020-02-24 21:00:00,2020-02-24,0,0,0,0,0
0,0,0,2020-02-23 21:00:00,2020-02-23,0,0,0,0,0
0,0,0,2020-02-22 21:00:00,2020-02-22,0,0,0,0,0
0,0,0,2020-02-21 21:00:00,2020-02-21,0,0,0,0,0
0,0,0,2020-02-20 21:00:00,2020-02-20,0,0,0,0,0
0,0,0,2020-02-19 21:00:00,2020-02-19,0,0,0,0,0
0,0,0,2020-02-18 21:00:00,2020-02-18,0,0,0,0,0
0,0,0,2020-02-17 21:00:00,2020-02-17,0,0,0,0,0
0,0,0,2020-02-16 21:00:00,2020-02-16,0,0,0,0,0
0,0,0,2020-02-15 21:00:00,2020-02-15,0,0,0,0,0
0,0,0,2020-02-14 21:00:00,2020-02-14,0,0,0,0,0
0,0,0,2020-02-13 21:00:00,2020-02-13,0,0,0,0,0
0,0,0,2020-02-12 21:00:00,2020-02-12,0,0,0,0,0
0,0,0,2020-02-11 20:30:00,2020-02-11,0,0,0,0,0
0,0,0,2020-02-10 21:00:00,2020-02-10,0,0,0,0,0
0,0,0,2020-02-09 21:00:00,2020-02-09,0,0,0,0,0
0,0,0,2020-02-08 21:00:00,2020-02-08,0,0,0,0,0
0,0,0,2020-02-07 21:00:00,2020-02-07,0,0,0,0,0
0,0,0,2020-02-06 21:00:00,2020-02-06,0,0,0,0,0
0,0,0,2020-02-05 21:00:00,2020-02-05,0,0,0,0,0
0,0,0,2020-02-04 20:00:00,2020-02-04,0,0,0,0,0
0,0,0,2020-02-03 20:00:00,2020-02-03,0,0,0,0,0
0,0,0,2020-02-02 20:00:00,2020-02-02,0,0,0,0,0
0,0,0,2020-02-01 10:00:00,2020-02-01,0,0,0,0,0
0,0,0,2020-01-31 12:30:00,2020-01-31,0,0,0,0,0
0,0,0,2020-01-30 12:00:00,2020-01-30,0,0,0,0,0
0,0,0,2020-01-29 14:00:00,2020-01-29,0,0,0,0,0
0,0,0,2020-01-28 11:30:00,2020-01-28,0,0,0,0,0
0,0,0,2020-01-27 14:00:00,2020-01-27,0,0,0,0,0
0,0,0,2020-01-26 13:00:00,2020-01-26,0,0,0,0,0
0,0,0,2020-01-25 15:00:00,2020-01-25,0,0,0,0,0
0,0,0,2020-01-24 15:00:00,2020-01-24,0,0,0,0,0
0,0,0,2020-01-23 15:00:00,2020-01-23,0,0,0,0,0
0,0,0,2020-01-22 15:00:00,2020-01-22,0,0,0,0,0
0,0,0,2020-01-21 15:00:00,2020-01-21,0,0,0,0,0
