Confirmed,Recovered,Deaths,Date_last_updated_AEDT,date_day,New,DayElapsed,New_death,DayElapsed_death,New_recover
1373,386,17,2020-04-25 22:00:00,2020-04-25,13,39,0,10,31
1360,355,17,2020-04-24 22:00:00,2020-04-24,35,38,2,9,67
1325,288,15,2020-04-23 22:00:00,2020-04-23,81,37,1,8,4
1244,284,14,2020-04-22 22:00:00,2020-04-22,45,36,0,7,26
1199,258,14,2020-04-21 22:00:00,2020-04-21,38,35,2,6,29
1161,229,12,2020-04-20 22:00:00,2020-04-20,0,34,0,5,0
1161,229,12,2020-04-19 22:00:00,2020-04-19,72,33,1,4,16
1089,213,11,2020-04-18 22:00:00,2020-04-18,40,32,3,3,46
1049,167,8,2020-04-17 22:00:00,2020-04-17,72,31,0,2,0
977,167,8,2020-04-16 22:00:00,2020-04-16,114,30,6,1,16
863,151,2,2020-04-15 22:00:00,2020-04-15,28,29,0,0,44
835,107,2,2020-04-14 22:00:00,2020-04-14,66,28,0,0,0
769,107,2,2020-04-13 22:00:00,2020-04-13,27,27,0,0,84
742,23,2,2020-04-12 22:00:00,2020-04-12,14,26,0,0,0
728,23,2,2020-04-11 22:00:00,2020-04-11,27,25,0,0,0
701,23,2,2020-04-10 22:00:00,2020-04-10,0,24,0,0,7
701,16,2,2020-04-09 22:00:00,2020-04-09,120,23,0,0,3
581,13,2,2020-04-08 22:00:00,2020-04-08,0,22,0,0,5
581,8,2,2020-04-07 22:00:00,2020-04-07,47,21,1,0,0
534,8,1,2020-04-06 22:00:00,2020-04-06,49,20,0,0,-2
485,10,1,2020-04-05 22:00:00,2020-04-05,14,19,0,0,0
471,10,1,2020-04-04 21:00:00,2020-04-04,21,18,0,0,5
450,5,1,2020-04-03 21:00:00,2020-04-03,24,17,0,0,2
426,3,1,2020-04-02 21:00:00,2020-04-02,26,16,1,0,0
400,3,0,2020-04-01 21:00:00,2020-04-01,37,15,0,0,-4
363,7,0,2020-03-31 21:00:00,2020-03-31,27,14,0,0,0
336,7,0,2020-03-30 21:00:00,2020-03-30,22,13,0,0,5
314,2,0,2020-03-29 21:00:00,2020-03-29,45,12,0,0,0
269,2,0,2020-03-28 21:00:00,2020-03-28,0,11,0,0,0
269,2,0,2020-03-27 21:10:00,2020-03-27,43,10,0,0,-5
226,7,0,2020-03-26 22:20:00,2020-03-26,10,9,0,0,0
216,7,0,2020-03-25 23:20:00,2020-03-25,12,8,0,0,0
204,7,0,2020-03-24 21:20:00,2020-03-24,18,7,0,0,0
186,7,0,2020-03-23 21:40:00,2020-03-23,8,6,0,0,0
178,7,0,2020-03-22 21:00:00,2020-03-22,41,5,0,0,0
137,7,0,2020-03-21 21:00:00,2020-03-21,13,4,0,0,7
124,0,0,2020-03-20 21:20:00,2020-03-20,19,3,0,0,0
105,0,0,2020-03-19 21:30:00,2020-03-19,0,2,0,0,0
105,0,0,2020-03-18 22:00:00,2020-03-18,33,1,0,0,0
72,0,0,2020-03-17 21:00:00,2020-03-17,11,0,0,0,0
61,0,0,2020-03-16 21:00:00,2020-03-16,7,0,0,0,0
54,0,0,2020-03-15 21:00:00,2020-03-15,22,0,0,0,0
32,0,0,2020-03-14 21:00:00,2020-03-14,11,0,0,0,0
21,0,0,2020-03-13 21:00:00,2020-03-13,11,0,0,0,0
10,0,0,2020-03-12 21:00:00,2020-03-12,3,0,0,0,0
7,0,0,2020-03-11 21:00:00,2020-03-11,0,0,0,0,0
7,0,0,2020-03-10 21:00:00,2020-03-10,1,0,0,0,0
6,0,0,2020-03-09 21:00:00,2020-03-09,3,0,0,0,0
3,0,0,2020-03-08 21:00:00,2020-03-08,2,0,0,0,0
1,0,0,2020-03-07 21:00:00,2020-03-07,1,0,0,0,0
0,0,0,2020-03-06 21:00:00,2020-03-06,0,0,0,0,0
0,0,0,2020-03-05 21:00:00,2020-03-05,0,0,0,0,0
0,0,0,2020-03-04 21:00:00,2020-03-04,0,0,0,0,0
0,0,0,2020-03-03 21:00:00,2020-03-03,0,0,0,0,0
0,0,0,2020-03-02 21:00:00,2020-03-02,0,0,0,0,0
0,0,0,2020-03-01 21:00:00,2020-03-01,0,0,0,0,0
0,0,0,2020-02-29 21:00:00,2020-02-29,0,0,0,0,0
0,0,0,2020-02-28 21:00:00,2020-02-28,0,0,0,0,0
0,0,0,2020-02-27 21:00:00,2020-02-27,0,0,0,0,0
0,0,0,2020-02-26 21:00:00,2020-02-26,0,0,0,0,0
0,0,0,2020-02-25 21:00:00,2020-02-25,0,0,0,0,0
0,0,0,2020-02-24 21:00:00,2020-02-24,0,0,0,0,0
0,0,0,2020-02-23 21:00:00,2020-02-23,0,0,0,0,0
0,0,0,2020-02-22 21:00:00,2020-02-22,0,0,0,0,0
0,0,0,2020-02-21 21:00:00,2020-02-21,0,0,0,0,0
0,0,0,2020-02-20 21:00:00,2020-02-20,0,0,0,0,0
0,0,0,2020-02-19 21:00:00,2020-02-19,0,0,0,0,0
0,0,0,2020-02-18 21:00:00,2020-02-18,0,0,0,0,0
0,0,0,2020-02-17 21:00:00,2020-02-17,0,0,0,0,0
0,0,0,2020-02-16 21:00:00,2020-02-16,0,0,0,0,0
0,0,0,2020-02-15 21:00:00,2020-02-15,0,0,0,0,0
0,0,0,2020-02-14 21:00:00,2020-02-14,0,0,0,0,0
0,0,0,2020-02-13 21:00:00,2020-02-13,0,0,0,0,0
0,0,0,2020-02-12 21:00:00,2020-02-12,0,0,0,0,0
0,0,0,2020-02-11 20:30:00,2020-02-11,0,0,0,0,0
0,0,0,2020-02-10 21:00:00,2020-02-10,0,0,0,0,0
0,0,0,2020-02-09 21:00:00,2020-02-09,0,0,0,0,0
0,0,0,2020-02-08 21:00:00,2020-02-08,0,0,0,0,0
0,0,0,2020-02-07 21:00:00,2020-02-07,0,0,0,0,0
0,0,0,2020-02-06 21:00:00,2020-02-06,0,0,0,0,0
0,0,0,2020-02-05 21:00:00,2020-02-05,0,0,0,0,0
0,0,0,2020-02-04 20:00:00,2020-02-04,0,0,0,0,0
0,0,0,2020-02-03 20:00:00,2020-02-03,0,0,0,0,0
0,0,0,2020-02-02 20:00:00,2020-02-02,0,0,0,0,0
0,0,0,2020-02-01 10:00:00,2020-02-01,0,0,0,0,0
0,0,0,2020-01-31 12:30:00,2020-01-31,0,0,0,0,0
0,0,0,2020-01-30 12:00:00,2020-01-30,0,0,0,0,0
0,0,0,2020-01-29 14:00:00,2020-01-29,0,0,0,0,0
0,0,0,2020-01-28 11:30:00,2020-01-28,0,0,0,0,0
0,0,0,2020-01-27 14:00:00,2020-01-27,0,0,0,0,0
0,0,0,2020-01-26 13:00:00,2020-01-26,0,0,0,0,0
0,0,0,2020-01-25 15:00:00,2020-01-25,0,0,0,0,0
0,0,0,2020-01-24 15:00:00,2020-01-24,0,0,0,0,0
0,0,0,2020-01-23 15:00:00,2020-01-23,0,0,0,0,0
0,0,0,2020-01-22 15:00:00,2020-01-22,0,0,0,0,0
0,0,0,2020-01-21 15:00:00,2020-01-21,0,0,0,0,0
