Confirmed,Deaths,date_day,New,DayElapsed,New_death,DayElapsed_death,Recovered,New_recover
0,0,2020-01-21,0,0,0,0,0,0
0,0,2020-01-22,0,0,0,0,0,0
0,0,2020-01-23,0,0,0,0,0,0
0,0,2020-01-24,0,0,0,0,0,0
0,0,2020-01-25,0,0,0,0,0,0
0,0,2020-01-26,0,0,0,0,0,0
0,0,2020-01-27,0,0,0,0,0,0
0,0,2020-01-28,0,0,0,0,0,0
0,0,2020-01-29,0,0,0,0,0,0
0,0,2020-01-30,0,0,0,0,0,0
0,0,2020-01-31,0,0,0,0,0,0
0,0,2020-02-01,0,0,0,0,0,0
0,0,2020-02-02,0,0,0,0,0,0
0,0,2020-02-03,0,0,0,0,0,0
0,0,2020-02-04,0,0,0,0,0,0
0,0,2020-02-05,0,0,0,0,0,0
0,0,2020-02-06,0,0,0,0,0,0
0,0,2020-02-07,0,0,0,0,0,0
0,0,2020-02-08,0,0,0,0,0,0
0,0,2020-02-09,0,0,0,0,0,0
0,0,2020-02-10,0,0,0,0,0,0
0,0,2020-02-11,0,0,0,0,0,0
0,0,2020-02-12,0,0,0,0,0,0
0,0,2020-02-13,0,0,0,0,0,0
0,0,2020-02-14,0,0,0,0,0,0
0,0,2020-02-15,0,0,0,0,0,0
0,0,2020-02-16,0,0,0,0,0,0
0,0,2020-02-17,0,0,0,0,0,0
0,0,2020-02-18,0,0,0,0,0,0
0,0,2020-02-19,0,0,0,0,0,0
0,0,2020-02-20,0,0,0,0,0,0
0,0,2020-02-21,0,0,0,0,0,0
0,0,2020-02-22,0,0,0,0,0,0
0,0,2020-02-23,0,0,0,0,0,0
0,0,2020-02-24,0,0,0,0,0,0
0,0,2020-02-25,0,0,0,0,0,0
1,0,2020-02-26,1,0,0,0,0,0
1,0,2020-02-27,0,0,0,0,0,0
1,0,2020-02-28,0,0,0,0,0,0
2,0,2020-02-29,1,0,0,0,0,0
2,0,2020-03-01,0,0,0,0,0,0
2,0,2020-03-02,0,0,0,0,0,0
2,0,2020-03-03,0,0,0,0,0,0
3,0,2020-03-04,1,0,0,0,0,0
6,0,2020-03-05,3,0,0,0,0,0
10,0,2020-03-06,4,0,0,0,0,0
13,0,2020-03-07,3,0,0,0,0,0
16,0,2020-03-08,3,0,0,0,0,0
16,0,2020-03-09,0,0,0,0,0,0
19,0,2020-03-10,3,0,0,0,0,0
30,0,2020-03-11,11,0,0,0,0,0
42,0,2020-03-12,12,0,0,0,0,0
56,0,2020-03-13,14,0,0,0,0,0
65,0,2020-03-14,9,0,0,0,0,0
136,0,2020-03-15,71,1,0,0,0,0
152,0,2020-03-16,16,2,0,0,0,0
164,1,2020-03-17,12,3,1,0,0,0
240,4,2020-03-18,76,4,3,1,0,0
286,4,2020-03-19,46,5,0,2,0,0
396,9,2020-03-20,110,6,5,3,0,0
459,15,2020-03-21,63,7,6,4,0,0
631,22,2020-03-22,172,8,7,5,0,0
745,30,2020-03-23,114,9,8,6,0,0
810,40,2020-03-24,65,10,10,7,0,0
862,48,2020-03-25,52,11,8,8,0,0
1052,58,2020-03-26,190,12,10,9,0,0
1223,68,2020-03-27,171,13,10,10,0,0
1406,84,2020-03-28,183,14,16,11,0,0
1451,98,2020-03-29,45,15,14,12,0,0
1517,113,2020-03-30,66,16,15,13,0,0
2339,136,2020-03-31,822,17,23,14,0,0
2981,164,2020-04-01,642,18,28,15,0,0
3506,188,2020-04-02,525,19,24,16,0,0
4048,219,2020-04-03,542,20,31,17,0,0
4466,260,2020-04-04,418,21,41,18,0,0
4620,275,2020-04-05,154,22,15,19,0,0
4866,304,2020-04-06,246,23,29,20,0,0
5682,371,2020-04-07,816,24,67,21,0,0
6708,428,2020-04-08,1026,25,57,22,0,0
7480,496,2020-04-09,772,26,68,23,0,0
8216,540,2020-04-10,736,27,44,24,0,0
8419,560,2020-04-11,203,28,20,25,0,0
8755,588,2020-04-12,336,29,28,26,0,0
8895,608,2020-04-13,140,30,20,27,0,0
9371,695,2020-04-14,476,31,87,28,0,0
11043,778,2020-04-15,1672,32,83,29,0,0
11568,853,2020-04-16,525,33,75,30,0,0
12841,928,2020-04-17,1273,34,75,31,0,0
13894,991,2020-04-18,1053,35,63,32,0,0
14267,1015,2020-04-19,373,36,24,33,0,0
14580,1037,2020-04-20,313,37,22,34,0,0
15385,1093,2020-04-21,805,38,56,35,0,0
15914,1134,2020-04-22,529,39,41,36,0,0
16740,1345,2020-04-23,826,40,211,37,0,0
17826,1512,2020-04-24,1086,41,167,38,0,0
20004,1667,2020-04-25,2178,42,155,39,0,0
20715,1700,2020-04-26,711,43,33,40,0,0
21696,1825,2020-04-27,981,44,125,41,0,0
21696,1825,2020-04-28,0,45,0,42,0,0
21696,1825,2020-04-29,0,46,0,43,0,0
