Confirmed,Recovered,Deaths,Date_last_updated_AEDT,date_day,New,DayElapsed,New_death,DayElapsed_death,New_recover
9189,4499,177,2020-04-26 22:00:00,2020-04-26,461,39,8,32,97
8728,4402,169,2020-04-25 22:00:00,2020-04-25,462,38,-2,31,210
8266,4192,171,2020-04-24 22:00:00,2020-04-24,424,37,5,30,180
7842,4012,166,2020-04-23 22:00:00,2020-04-23,448,36,9,29,184
7394,3828,157,2020-04-22 22:00:00,2020-04-22,156,35,5,28,253
7238,3575,152,2020-04-21 22:00:00,2020-04-21,168,34,4,27,231
7070,3344,148,2020-04-20 22:00:00,2020-04-20,308,33,2,26,110
6762,3234,146,2020-04-19 22:00:00,2020-04-19,173,32,4,25,216
6589,3018,142,2020-04-18 22:00:00,2020-04-18,326,31,1,24,822
6263,2196,141,2020-04-17 22:00:00,2020-04-17,-25,30,6,23,0
6288,2196,135,2020-04-16 22:00:00,2020-04-16,461,29,11,22,227
5827,1969,124,2020-04-15 22:00:00,2020-04-15,217,28,15,21,298
5610,1671,109,2020-04-14 22:00:00,2020-04-14,102,27,3,20,167
5508,1504,106,2020-04-13 22:00:00,2020-04-13,376,26,0,19,118
5132,1386,106,2020-04-12 22:00:00,2020-04-12,241,25,8,18,241
4891,1145,98,2020-04-11 22:00:00,2020-04-11,257,24,4,17,518
4634,627,94,2020-04-10 22:00:00,2020-04-10,271,23,14,16,0
4363,627,80,2020-04-09 22:00:00,2020-04-09,224,22,8,15,271
4139,356,72,2020-04-08 22:00:00,2020-04-08,337,21,7,14,0
3802,356,65,2020-04-07 22:00:00,2020-04-07,169,20,12,13,108
3633,248,53,2020-04-06 22:00:00,2020-04-06,311,19,3,12,0
3322,248,50,2020-04-05 22:00:00,2020-04-05,254,18,6,11,0
3068,248,44,2020-04-04 21:00:00,2020-04-04,223,17,8,10,64
2845,184,36,2020-04-03 21:00:00,2020-04-03,-88,16,12,9,14
2933,170,24,2020-04-02 21:00:00,2020-04-02,542,15,1,8,170
2391,0,23,2020-04-01 21:00:00,2020-04-01,454,14,9,7,0
1937,0,14,2020-03-31 21:00:00,2020-03-31,119,13,2,6,0
1818,0,12,2020-03-30 21:00:00,2020-03-30,306,12,5,5,0
1512,0,7,2020-03-29 21:00:00,2020-03-29,191,11,1,4,0
1321,0,6,2020-03-28 21:00:00,2020-03-28,222,10,3,3,0
1099,0,3,2020-03-27 21:10:00,2020-03-27,182,9,0,2,0
917,0,3,2020-03-26 22:20:00,2020-03-26,137,8,1,1,0
780,0,2,2020-03-25 23:20:00,2020-03-25,165,7,0,0,0
615,0,2,2020-03-24 21:20:00,2020-03-24,110,6,0,0,0
505,0,2,2020-03-23 21:40:00,2020-03-23,134,5,1,0,0
371,0,1,2020-03-22 21:00:00,2020-03-22,106,4,0,0,0
265,0,1,2020-03-21 21:00:00,2020-03-21,110,3,1,0,0
155,0,0,2020-03-20 21:20:00,2020-03-20,55,2,0,0,0
100,0,0,2020-03-19 21:30:00,2020-03-19,22,1,0,0,0
78,0,0,2020-03-18 22:00:00,2020-03-18,26,0,0,0,0
52,0,0,2020-03-17 21:00:00,2020-03-17,13,0,0,0,0
39,0,0,2020-03-16 21:00:00,2020-03-16,7,0,0,0,0
32,0,0,2020-03-15 21:00:00,2020-03-15,6,0,0,0,0
26,0,0,2020-03-14 21:00:00,2020-03-14,8,0,0,0,0
18,0,0,2020-03-13 21:00:00,2020-03-13,9,0,0,0,0
9,0,0,2020-03-12 21:00:00,2020-03-12,2,0,0,0,0
7,0,0,2020-03-11 21:00:00,2020-03-11,3,0,0,0,0
4,0,0,2020-03-10 21:00:00,2020-03-10,1,0,0,0,0
3,0,0,2020-03-09 21:00:00,2020-03-09,2,0,0,0,0
1,0,0,2020-03-08 21:00:00,2020-03-08,0,0,0,0,0
1,0,0,2020-03-07 21:00:00,2020-03-07,0,0,0,0,0
1,0,0,2020-03-06 21:00:00,2020-03-06,1,0,0,0,0
0,0,0,2020-03-05 21:00:00,2020-03-05,0,0,0,0,0
0,0,0,2020-03-04 21:00:00,2020-03-04,0,0,0,0,0
0,0,0,2020-03-03 21:00:00,2020-03-03,0,0,0,0,0
0,0,0,2020-03-02 21:00:00,2020-03-02,0,0,0,0,0
0,0,0,2020-03-01 21:00:00,2020-03-01,0,0,0,0,0
0,0,0,2020-02-29 21:00:00,2020-02-29,0,0,0,0,0
0,0,0,2020-02-28 21:00:00,2020-02-28,0,0,0,0,0
0,0,0,2020-02-27 21:00:00,2020-02-27,0,0,0,0,0
0,0,0,2020-02-26 21:00:00,2020-02-26,0,0,0,0,0
0,0,0,2020-02-25 21:00:00,2020-02-25,0,0,0,0,0
0,0,0,2020-02-24 21:00:00,2020-02-24,0,0,0,0,0
0,0,0,2020-02-23 21:00:00,2020-02-23,0,0,0,0,0
0,0,0,2020-02-22 21:00:00,2020-02-22,0,0,0,0,0
0,0,0,2020-02-21 21:00:00,2020-02-21,0,0,0,0,0
0,0,0,2020-02-20 21:00:00,2020-02-20,0,0,0,0,0
0,0,0,2020-02-19 21:00:00,2020-02-19,0,0,0,0,0
0,0,0,2020-02-18 21:00:00,2020-02-18,0,0,0,0,0
0,0,0,2020-02-17 21:00:00,2020-02-17,0,0,0,0,0
0,0,0,2020-02-16 21:00:00,2020-02-16,0,0,0,0,0
0,0,0,2020-02-15 21:00:00,2020-02-15,0,0,0,0,0
0,0,0,2020-02-14 21:00:00,2020-02-14,0,0,0,0,0
0,0,0,2020-02-13 21:00:00,2020-02-13,0,0,0,0,0
0,0,0,2020-02-12 21:00:00,2020-02-12,0,0,0,0,0
0,0,0,2020-02-11 20:30:00,2020-02-11,0,0,0,0,0
0,0,0,2020-02-10 21:00:00,2020-02-10,0,0,0,0,0
0,0,0,2020-02-09 21:00:00,2020-02-09,0,0,0,0,0
0,0,0,2020-02-08 21:00:00,2020-02-08,0,0,0,0,0
0,0,0,2020-02-07 21:00:00,2020-02-07,0,0,0,0,0
0,0,0,2020-02-06 21:00:00,2020-02-06,0,0,0,0,0
0,0,0,2020-02-05 21:00:00,2020-02-05,0,0,0,0,0
0,0,0,2020-02-04 20:00:00,2020-02-04,0,0,0,0,0
0,0,0,2020-02-03 20:00:00,2020-02-03,0,0,0,0,0
0,0,0,2020-02-02 20:00:00,2020-02-02,0,0,0,0,0
0,0,0,2020-02-01 10:00:00,2020-02-01,0,0,0,0,0
0,0,0,2020-01-31 12:30:00,2020-01-31,0,0,0,0,0
0,0,0,2020-01-30 12:00:00,2020-01-30,0,0,0,0,0
0,0,0,2020-01-29 14:00:00,2020-01-29,0,0,0,0,0
0,0,0,2020-01-28 11:30:00,2020-01-28,0,0,0,0,0
0,0,0,2020-01-27 14:00:00,2020-01-27,0,0,0,0,0
0,0,0,2020-01-26 13:00:00,2020-01-26,0,0,0,0,0
0,0,0,2020-01-25 15:00:00,2020-01-25,0,0,0,0,0
0,0,0,2020-01-24 15:00:00,2020-01-24,0,0,0,0,0
0,0,0,2020-01-23 15:00:00,2020-01-23,0,0,0,0,0
0,0,0,2020-01-22 15:00:00,2020-01-22,0,0,0,0,0
0,0,0,2020-01-21 15:00:00,2020-01-21,0,0,0,0,0
