Confirmed,Deaths,date_day,New,DayElapsed,New_death,DayElapsed_death,Recovered,New_recover
0,0,2020-01-21,0,0,0,0,0,0
0,0,2020-01-22,0,0,0,0,0,0
0,0,2020-01-23,0,0,0,0,0,0
0,0,2020-01-24,0,0,0,0,0,0
0,0,2020-01-25,0,0,0,0,0,0
0,0,2020-01-26,0,0,0,0,0,0
0,0,2020-01-27,0,0,0,0,0,0
0,0,2020-01-28,0,0,0,0,0,0
0,0,2020-01-29,0,0,0,0,0,0
0,0,2020-01-30,0,0,0,0,0,0
0,0,2020-01-31,0,0,0,0,0,0
0,0,2020-02-01,0,0,0,0,0,0
0,0,2020-02-02,0,0,0,0,0,0
0,0,2020-02-03,0,0,0,0,0,0
0,0,2020-02-04,0,0,0,0,0,0
0,0,2020-02-05,0,0,0,0,0,0
0,0,2020-02-06,0,0,0,0,0,0
0,0,2020-02-07,0,0,0,0,0,0
0,0,2020-02-08,0,0,0,0,0,0
0,0,2020-02-09,0,0,0,0,0,0
0,0,2020-02-10,0,0,0,0,0,0
0,0,2020-02-11,0,0,0,0,0,0
0,0,2020-02-12,0,0,0,0,0,0
0,0,2020-02-13,0,0,0,0,0,0
0,0,2020-02-14,0,0,0,0,0,0
0,0,2020-02-15,0,0,0,0,0,0
0,0,2020-02-16,0,0,0,0,0,0
0,0,2020-02-17,0,0,0,0,0,0
0,0,2020-02-18,0,0,0,0,0,0
0,0,2020-02-19,0,0,0,0,0,0
0,0,2020-02-20,0,0,0,0,0,0
0,0,2020-02-21,0,0,0,0,0,0
0,0,2020-02-22,0,0,0,0,0,0
0,0,2020-02-23,0,0,0,0,0,0
0,0,2020-02-24,0,0,0,0,0,0
0,0,2020-02-25,0,0,0,0,0,0
0,0,2020-02-26,0,0,0,0,0,0
0,0,2020-02-27,0,0,0,0,0,0
0,0,2020-02-28,0,0,0,0,0,0
0,0,2020-02-29,0,0,0,0,0,0
0,0,2020-03-01,0,0,0,0,0,0
0,0,2020-03-02,0,0,0,0,0,0
1,0,2020-03-03,1,0,0,0,0,0
1,0,2020-03-04,0,0,0,0,0,0
1,0,2020-03-05,0,0,0,0,0,0
1,0,2020-03-06,0,0,0,0,0,0
1,0,2020-03-07,0,0,0,0,0,0
2,0,2020-03-08,1,0,0,0,0,0
2,0,2020-03-09,0,0,0,0,0,0
4,0,2020-03-10,2,0,0,0,0,0
10,0,2020-03-11,6,0,0,0,0,0
14,0,2020-03-12,4,0,0,0,0,0
29,0,2020-03-13,15,0,0,0,0,0
46,0,2020-03-14,17,0,0,0,0,0
51,0,2020-03-15,5,0,0,0,0,0
55,0,2020-03-16,4,0,0,0,0,0
51,0,2020-03-17,-4,0,0,0,0,0
74,0,2020-03-18,23,0,0,0,0,0
98,0,2020-03-19,24,0,0,0,0,0
149,0,2020-03-20,51,1,0,0,0,0
187,0,2020-03-21,38,2,0,0,0,0
216,0,2020-03-22,29,3,0,0,0,0
249,0,2020-03-23,33,4,0,0,0,0
327,1,2020-03-24,78,5,1,0,0,0
394,1,2020-03-25,67,6,0,0,0,0
468,1,2020-03-26,74,7,0,0,0,0
542,4,2020-03-27,74,8,3,1,0,0
584,5,2020-03-28,42,9,1,2,0,0
697,5,2020-03-29,113,10,0,3,0,0
719,5,2020-03-30,22,11,0,4,0,0
784,6,2020-03-31,65,12,1,5,0,0
860,6,2020-04-01,76,13,0,6,0,0
925,7,2020-04-02,65,14,1,7,0,0
982,9,2020-04-03,57,15,2,8,0,0
1072,10,2020-04-04,90,16,1,9,0,0
1140,10,2020-04-05,68,17,0,10,0,0
1176,12,2020-04-06,36,18,2,11,0,0
1208,18,2020-04-07,32,19,6,12,0,0
1285,20,2020-04-08,77,20,2,13,0,0
1351,20,2020-04-09,66,21,0,14,0,0
1416,24,2020-04-10,65,22,4,15,0,0
1435,25,2020-04-11,19,23,1,16,0,0
1464,25,2020-04-12,29,24,0,17,0,0
1485,27,2020-04-13,21,25,2,18,0,0
1504,31,2020-04-14,19,26,4,19,0,0
1550,38,2020-04-15,46,27,7,20,0,0
1601,45,2020-04-16,51,28,7,21,0,0
1682,49,2020-04-17,81,29,4,22,0,0
1717,50,2020-04-18,35,30,1,23,0,0
1756,53,2020-04-19,39,31,3,24,0,0
1785,53,2020-04-20,29,32,0,25,0,0
1798,55,2020-04-21,13,33,2,26,0,0
1872,71,2020-04-22,74,34,16,27,0,0
1932,61,2020-04-23,60,35,-10,28,0,0
2023,65,2020-04-24,91,36,4,29,0,0
2058,71,2020-04-25,35,37,6,30,0,0
2098,73,2020-04-26,40,38,2,31,0,0
2120,74,2020-04-27,22,39,1,32,0,0
2144,78,2020-04-28,24,40,4,33,0,0
2144,78,2020-04-29,0,41,0,34,0,0
