Confirmed,Recovered,Deaths,Date_last_updated_AEDT,date_day,New,DayElapsed,New_death,DayElapsed_death,New_recover
14339,721,492,2020-04-29 07:30:00,2020-04-29,801,41,32,39,0
13538,721,460,2020-04-28 22:00:00,2020-04-28,568,40,11,38,0
12970,721,449,2020-04-27 22:00:00,2020-04-27,604,39,12,37,0
12366,721,437,2020-04-26 22:00:00,2020-04-26,772,38,26,36,0
11594,721,411,2020-04-25 22:00:00,2020-04-25,596,37,38,35,0
10998,721,373,2020-04-24 22:00:00,2020-04-24,732,36,24,34,0
10266,721,349,2020-04-23 22:00:00,2020-04-23,636,35,25,33,0
9630,721,324,2020-04-22 22:00:00,2020-04-22,640,34,24,32,0
8990,721,300,2020-04-21 22:00:00,2020-04-21,448,33,23,31,0
8542,721,277,2020-04-20 22:00:00,2020-04-20,489,32,19,30,0
8053,721,258,2020-04-19 22:00:00,2020-04-19,562,31,27,29,0
7491,721,231,2020-04-18 22:00:00,2020-04-18,602,30,23,28,0
6889,721,208,2020-04-17 22:00:00,2020-04-17,389,29,13,27,0
6500,721,195,2020-04-16 22:00:00,2020-04-16,318,28,38,26,0
6182,721,157,2020-04-15 22:00:00,2020-04-15,435,27,8,25,719
5747,2,149,2020-04-14 22:00:00,2020-04-14,473,26,8,24,0
5274,2,141,2020-04-13 22:00:00,2020-04-13,197,25,11,23,0
5077,2,130,2020-04-12 22:00:00,2020-04-12,568,24,9,22,0
4509,2,121,2020-04-11 22:00:00,2020-04-11,467,23,12,21,0
4042,2,109,2020-04-10 22:00:00,2020-04-10,397,22,34,20,0
3645,2,75,2020-04-09 22:00:00,2020-04-09,310,21,9,19,0
3335,2,66,2020-04-08 22:00:00,2020-04-08,457,20,0,18,0
2878,2,66,2020-04-07 22:00:00,2020-04-07,238,19,14,17,0
2640,2,52,2020-04-06 22:00:00,2020-04-06,233,18,0,16,0
2407,2,52,2020-04-05 22:00:00,2020-04-05,395,17,5,15,0
2012,2,47,2020-04-04 21:00:00,2020-04-04,306,16,6,14,0
1706,2,41,2020-04-03 21:00:00,2020-04-03,220,15,6,13,0
1486,2,35,2020-04-02 21:00:00,2020-04-02,236,14,8,12,2
1250,0,27,2020-04-01 21:00:00,2020-04-01,230,13,2,11,0
1020,0,25,2020-03-31 21:00:00,2020-03-31,130,12,1,10,0
890,0,24,2020-03-30 21:00:00,2020-03-30,150,11,7,9,0
740,0,17,2020-03-29 21:00:00,2020-03-29,130,10,1,8,0
610,0,16,2020-03-28 21:00:00,2020-03-28,139,9,2,7,0
471,0,14,2020-03-27 21:10:00,2020-03-27,72,8,1,6,0
399,0,13,2020-03-26 22:20:00,2020-03-26,95,7,4,5,0
304,0,9,2020-03-25 23:20:00,2020-03-25,50,6,2,4,0
254,0,7,2020-03-24 21:20:00,2020-03-24,33,5,1,3,0
221,0,6,2020-03-23 21:40:00,2020-03-23,63,4,3,2,0
158,0,3,2020-03-22 21:00:00,2020-03-22,33,3,1,1,0
125,0,2,2020-03-21 21:00:00,2020-03-21,21,2,0,0,0
104,0,2,2020-03-20 21:20:00,2020-03-20,25,1,0,0,0
79,0,2,2020-03-19 21:30:00,2020-03-19,12,0,0,0,0
67,0,2,2020-03-18 22:00:00,2020-03-18,15,0,0,0,0
52,0,2,2020-03-17 21:00:00,2020-03-17,7,0,1,0,0
45,0,1,2020-03-16 21:00:00,2020-03-16,4,0,0,0,0
41,0,1,2020-03-15 21:00:00,2020-03-15,11,0,1,0,0
30,0,0,2020-03-14 21:00:00,2020-03-14,12,0,0,0,0
18,0,0,2020-03-13 21:00:00,2020-03-13,8,0,0,0,0
10,0,0,2020-03-12 21:00:00,2020-03-12,1,0,0,0,0
9,0,0,2020-03-11 21:00:00,2020-03-11,2,0,0,0,0
7,0,0,2020-03-10 21:00:00,2020-03-10,5,0,0,0,0
2,0,0,2020-03-09 21:00:00,2020-03-09,1,0,0,0,0
1,0,0,2020-03-08 21:00:00,2020-03-08,1,0,0,0,0
0,0,0,2020-03-07 21:00:00,2020-03-07,0,0,0,0,0
0,0,0,2020-03-06 21:00:00,2020-03-06,0,0,0,0,0
0,0,0,2020-03-05 21:00:00,2020-03-05,0,0,0,0,0
0,0,0,2020-03-04 21:00:00,2020-03-04,0,0,0,0,0
0,0,0,2020-03-03 21:00:00,2020-03-03,0,0,0,0,0
0,0,0,2020-03-02 21:00:00,2020-03-02,0,0,0,0,0
0,0,0,2020-03-01 21:00:00,2020-03-01,0,0,0,0,0
0,0,0,2020-02-29 21:00:00,2020-02-29,0,0,0,0,0
0,0,0,2020-02-28 21:00:00,2020-02-28,0,0,0,0,0
0,0,0,2020-02-27 21:00:00,2020-02-27,0,0,0,0,0
0,0,0,2020-02-26 21:00:00,2020-02-26,0,0,0,0,0
0,0,0,2020-02-25 21:00:00,2020-02-25,0,0,0,0,0
0,0,0,2020-02-24 21:00:00,2020-02-24,0,0,0,0,0
0,0,0,2020-02-23 21:00:00,2020-02-23,0,0,0,0,0
0,0,0,2020-02-22 21:00:00,2020-02-22,0,0,0,0,0
0,0,0,2020-02-21 21:00:00,2020-02-21,0,0,0,0,0
0,0,0,2020-02-20 21:00:00,2020-02-20,0,0,0,0,0
0,0,0,2020-02-19 21:00:00,2020-02-19,0,0,0,0,0
0,0,0,2020-02-18 21:00:00,2020-02-18,0,0,0,0,0
0,0,0,2020-02-17 21:00:00,2020-02-17,0,0,0,0,0
0,0,0,2020-02-16 21:00:00,2020-02-16,0,0,0,0,0
0,0,0,2020-02-15 21:00:00,2020-02-15,0,0,0,0,0
0,0,0,2020-02-14 21:00:00,2020-02-14,0,0,0,0,0
0,0,0,2020-02-13 21:00:00,2020-02-13,0,0,0,0,0
0,0,0,2020-02-12 21:00:00,2020-02-12,0,0,0,0,0
0,0,0,2020-02-11 20:30:00,2020-02-11,0,0,0,0,0
0,0,0,2020-02-10 21:00:00,2020-02-10,0,0,0,0,0
0,0,0,2020-02-09 21:00:00,2020-02-09,0,0,0,0,0
0,0,0,2020-02-08 21:00:00,2020-02-08,0,0,0,0,0
0,0,0,2020-02-07 21:00:00,2020-02-07,0,0,0,0,0
0,0,0,2020-02-06 21:00:00,2020-02-06,0,0,0,0,0
0,0,0,2020-02-05 21:00:00,2020-02-05,0,0,0,0,0
0,0,0,2020-02-04 20:00:00,2020-02-04,0,0,0,0,0
0,0,0,2020-02-03 20:00:00,2020-02-03,0,0,0,0,0
0,0,0,2020-02-02 20:00:00,2020-02-02,0,0,0,0,0
0,0,0,2020-02-01 10:00:00,2020-02-01,0,0,0,0,0
0,0,0,2020-01-31 12:30:00,2020-01-31,0,0,0,0,0
0,0,0,2020-01-30 12:00:00,2020-01-30,0,0,0,0,0
0,0,0,2020-01-29 14:00:00,2020-01-29,0,0,0,0,0
0,0,0,2020-01-28 11:30:00,2020-01-28,0,0,0,0,0
0,0,0,2020-01-27 14:00:00,2020-01-27,0,0,0,0,0
0,0,0,2020-01-26 13:00:00,2020-01-26,0,0,0,0,0
0,0,0,2020-01-25 15:00:00,2020-01-25,0,0,0,0,0
0,0,0,2020-01-24 15:00:00,2020-01-24,0,0,0,0,0
0,0,0,2020-01-23 15:00:00,2020-01-23,0,0,0,0,0
0,0,0,2020-01-22 15:00:00,2020-01-22,0,0,0,0,0
0,0,0,2020-01-21 15:00:00,2020-01-21,0,0,0,0,0
