Confirmed,Recovered,Deaths,Date_last_updated_AEDT,date_day,New,DayElapsed,New_death,DayElapsed_death,New_recover
3699,652,165,2020-04-26 22:00:00,2020-04-26,171,35,12,32,1
3528,651,153,2020-04-25 22:00:00,2020-04-25,167,34,14,31,3
3361,648,139,2020-04-24 22:00:00,2020-04-24,155,33,12,30,3
3206,645,127,2020-04-23 22:00:00,2020-04-23,108,32,15,29,9
3098,636,112,2020-04-22 22:00:00,2020-04-22,171,31,7,28,6
2927,630,105,2020-04-21 22:00:00,2020-04-21,134,30,9,27,8
2793,622,96,2020-04-20 22:00:00,2020-04-20,127,29,5,26,14
2666,608,91,2020-04-19 22:00:00,2020-04-19,190,28,5,25,35
2476,573,86,2020-04-18 22:00:00,2020-04-18,126,27,5,24,21
2350,552,81,2020-04-17 22:00:00,2020-04-17,153,26,9,23,22
2197,530,72,2020-04-16 22:00:00,2020-04-16,139,25,5,22,12
2058,518,67,2020-04-15 22:00:00,2020-04-15,103,24,15,21,11
1955,507,52,2020-04-14 22:00:00,2020-04-14,80,23,2,20,14
1875,493,50,2020-04-13 22:00:00,2020-04-13,97,22,3,19,46
1778,447,47,2020-04-12 22:00:00,2020-04-12,118,21,9,18,21
1660,426,38,2020-04-11 22:00:00,2020-04-11,137,20,6,17,33
1523,393,32,2020-04-10 22:00:00,2020-04-10,83,19,5,16,32
1440,361,27,2020-04-09 22:00:00,2020-04-09,229,18,5,15,43
1211,318,22,2020-04-08 22:00:00,2020-04-08,114,17,-2,14,31
1097,287,24,2020-04-07 22:00:00,2020-04-07,95,16,2,13,29
1002,258,22,2020-04-06 22:00:00,2020-04-06,100,15,1,12,23
902,235,21,2020-04-05 22:00:00,2020-04-05,145,14,6,11,62
757,173,15,2020-04-04 21:00:00,2020-04-04,104,13,3,10,0
653,173,12,2020-04-03 21:00:00,2020-04-03,67,12,1,9,52
586,121,11,2020-04-02 21:00:00,2020-04-02,79,11,2,8,121
507,0,9,2020-04-01 21:00:00,2020-04-01,12,10,0,7,0
495,0,9,2020-03-31 21:00:00,2020-03-31,94,9,0,6,0
401,0,9,2020-03-30 21:00:00,2020-03-30,59,8,5,5,0
342,0,4,2020-03-29 21:00:00,2020-03-29,38,7,0,4,0
304,0,4,2020-03-28 21:00:00,2020-03-28,37,6,1,3,0
267,0,3,2020-03-27 21:10:00,2020-03-27,36,5,0,2,0
231,0,3,2020-03-26 22:20:00,2020-03-26,44,4,1,1,0
187,0,2,2020-03-25 23:20:00,2020-03-25,46,3,0,0,0
141,0,2,2020-03-24 21:20:00,2020-03-24,21,2,0,0,0
120,0,2,2020-03-23 21:40:00,2020-03-23,22,1,1,0,0
98,0,1,2020-03-22 21:00:00,2020-03-22,21,0,0,0,0
77,0,1,2020-03-21 21:00:00,2020-03-21,6,0,1,0,0
71,0,0,2020-03-20 21:20:00,2020-03-20,31,0,0,0,0
40,0,0,2020-03-19 21:30:00,2020-03-19,9,0,0,0,0
31,0,0,2020-03-18 22:00:00,2020-03-18,9,0,0,0,0
22,0,0,2020-03-17 21:00:00,2020-03-17,5,0,0,0,0
17,0,0,2020-03-16 21:00:00,2020-03-16,1,0,0,0,0
16,0,0,2020-03-15 21:00:00,2020-03-15,6,0,0,0,0
10,0,0,2020-03-14 21:00:00,2020-03-14,0,0,0,0,0
10,0,0,2020-03-13 21:00:00,2020-03-13,0,0,0,0,0
10,0,0,2020-03-12 21:00:00,2020-03-12,6,0,0,0,0
4,0,0,2020-03-11 21:00:00,2020-03-11,2,0,0,0,0
2,0,0,2020-03-10 21:00:00,2020-03-10,0,0,0,0,0
2,0,0,2020-03-09 21:00:00,2020-03-09,1,0,0,0,0
1,0,0,2020-03-08 21:00:00,2020-03-08,1,0,0,0,0
0,0,0,2020-03-07 21:00:00,2020-03-07,0,0,0,0,0
0,0,0,2020-03-06 21:00:00,2020-03-06,0,0,0,0,0
0,0,0,2020-03-05 21:00:00,2020-03-05,0,0,0,0,0
0,0,0,2020-03-04 21:00:00,2020-03-04,0,0,0,0,0
0,0,0,2020-03-03 21:00:00,2020-03-03,0,0,0,0,0
0,0,0,2020-03-02 21:00:00,2020-03-02,0,0,0,0,0
0,0,0,2020-03-01 21:00:00,2020-03-01,0,0,0,0,0
0,0,0,2020-02-29 21:00:00,2020-02-29,0,0,0,0,0
0,0,0,2020-02-28 21:00:00,2020-02-28,0,0,0,0,0
0,0,0,2020-02-27 21:00:00,2020-02-27,0,0,0,0,0
0,0,0,2020-02-26 21:00:00,2020-02-26,0,0,0,0,0
0,0,0,2020-02-25 21:00:00,2020-02-25,0,0,0,0,0
0,0,0,2020-02-24 21:00:00,2020-02-24,0,0,0,0,0
0,0,0,2020-02-23 21:00:00,2020-02-23,0,0,0,0,0
0,0,0,2020-02-22 21:00:00,2020-02-22,0,0,0,0,0
0,0,0,2020-02-21 21:00:00,2020-02-21,0,0,0,0,0
0,0,0,2020-02-20 21:00:00,2020-02-20,0,0,0,0,0
0,0,0,2020-02-19 21:00:00,2020-02-19,0,0,0,0,0
0,0,0,2020-02-18 21:00:00,2020-02-18,0,0,0,0,0
0,0,0,2020-02-17 21:00:00,2020-02-17,0,0,0,0,0
0,0,0,2020-02-16 21:00:00,2020-02-16,0,0,0,0,0
0,0,0,2020-02-15 21:00:00,2020-02-15,0,0,0,0,0
0,0,0,2020-02-14 21:00:00,2020-02-14,0,0,0,0,0
0,0,0,2020-02-13 21:00:00,2020-02-13,0,0,0,0,0
0,0,0,2020-02-12 21:00:00,2020-02-12,0,0,0,0,0
0,0,0,2020-02-11 20:30:00,2020-02-11,0,0,0,0,0
0,0,0,2020-02-10 21:00:00,2020-02-10,0,0,0,0,0
0,0,0,2020-02-09 21:00:00,2020-02-09,0,0,0,0,0
0,0,0,2020-02-08 21:00:00,2020-02-08,0,0,0,0,0
0,0,0,2020-02-07 21:00:00,2020-02-07,0,0,0,0,0
0,0,0,2020-02-06 21:00:00,2020-02-06,0,0,0,0,0
0,0,0,2020-02-05 21:00:00,2020-02-05,0,0,0,0,0
0,0,0,2020-02-04 20:00:00,2020-02-04,0,0,0,0,0
0,0,0,2020-02-03 20:00:00,2020-02-03,0,0,0,0,0
0,0,0,2020-02-02 20:00:00,2020-02-02,0,0,0,0,0
0,0,0,2020-02-01 10:00:00,2020-02-01,0,0,0,0,0
0,0,0,2020-01-31 12:30:00,2020-01-31,0,0,0,0,0
0,0,0,2020-01-30 12:00:00,2020-01-30,0,0,0,0,0
0,0,0,2020-01-29 14:00:00,2020-01-29,0,0,0,0,0
0,0,0,2020-01-28 11:30:00,2020-01-28,0,0,0,0,0
0,0,0,2020-01-27 14:00:00,2020-01-27,0,0,0,0,0
0,0,0,2020-01-26 13:00:00,2020-01-26,0,0,0,0,0
0,0,0,2020-01-25 15:00:00,2020-01-25,0,0,0,0,0
0,0,0,2020-01-24 15:00:00,2020-01-24,0,0,0,0,0
0,0,0,2020-01-23 15:00:00,2020-01-23,0,0,0,0,0
0,0,0,2020-01-22 15:00:00,2020-01-22,0,0,0,0,0
0,0,0,2020-01-21 15:00:00,2020-01-21,0,0,0,0,0
